x [cm], 	 0.69214285714285717077, 	 48.45000000000000284217, 	 96.20785714285715073402
0.00000000000000000000, 	 0.00000000000000000000, 	 0.00000000000000000000, 	 0.00000000000000000000
5.70020000000000059970, 	 28.67261060523954441237, 	 29.17017878152416798798, 	 29.40489903215997102848
5.70130000000000070060, 	 28.67989457474164538553, 	 29.17622772300098787923, 	 29.40358640399243483898
5.70239999999999991331, 	 28.68499190542885557420, 	 29.18113445313167275685, 	 29.40225395179730583095
5.70350000000000001421, 	 28.68788295611125249707, 	 29.18487372974932725356, 	 29.40089100141323186222
5.70460000000000011511, 	 28.68855017638923854406, 	 29.18742089999430078251, 	 29.39948273710346526855
5.70570000000000021600, 	 28.68697810056649544208, 	 29.18875221220382343290, 	 29.39801365999527149597
5.70680000000000031690, 	 28.68315341419949859869, 	 29.18884503055622658962, 	 29.39646856416509379528
5.70790000000000041780, 	 28.67706510149893261996, 	 29.18767795053486224788, 	 29.39483263215115371736
5.70900000000000051870, 	 28.66870436617449158234, 	 29.18523090082605264683, 	 29.39309124245879445425
5.71010000000000061959, 	 28.65806445098943910921, 	 29.18148531172104398479, 	 29.39122990921884692739
5.71119999999999983231, 	 28.64514149358184624816, 	 29.17642328609271373807, 	 29.38923427728007098381
5.71229999999999993321, 	 28.62989480074188008984, 	 29.17002802923131099533, 	 29.38709010014832045954
5.71340000000000003411, 	 28.61230257198839055377, 	 29.16228451987825920355, 	 29.38478322580107260364
5.71450000000000013500, 	 28.59238865254414818651, 	 29.15317904910195778712, 	 29.38227759728538046602
5.71560000000000023590, 	 28.57018700246750952942, 	 29.14269921699709797736, 	 29.37946908982276994493
5.71670000000000033680, 	 28.54574239565038240585, 	 29.13083387081605835078, 	 29.37638126530970694716
5.71780000000000043769, 	 28.51912055260928724465, 	 29.11757308036253988348, 	 29.37303531975546277977
5.71890000000000053859, 	 28.49042391246211636258, 	 29.10290812081120748189, 	 29.36943561532549651361
5.72000000000000063949, 	 28.45980745681691459481, 	 29.08683175827243516665, 	 29.36557577814411601480
5.72109999999999985221, 	 28.42749914463885119176, 	 29.06933903449525402607, 	 29.36144423901904687568
5.72219999999999995310, 	 28.39380153407421403244, 	 29.05042841006292064776, 	 29.35702750498726132378
5.72330000000000005400, 	 28.35910449365388430465, 	 29.03010323197195674538, 	 29.35231179741454710097
5.72440000000000015490, 	 28.32392238275146567617, 	 29.00837364614164570753, 	 29.34728376662329552005
5.72550000000000025580, 	 28.28888157012241322263, 	 28.98525908112396010097, 	 29.34193075832576269590
5.72660000000000035669, 	 28.25470273790290320903, 	 28.96079137862132313330, 	 29.33624182681963077357
5.72770000000000045759, 	 28.22217845342139597165, 	 28.93501861111256090453, 	 29.33019941457293100484
5.72880000000000055849, 	 28.19214455850621092736, 	 28.90800953417213037255, 	 29.32379205108128417123
5.72990000000000065938, 	 28.16546272080437063323, 	 28.87985845875718737830, 	 29.31701279470392051962
5.73099999999999987210, 	 28.14300022956952318509, 	 28.85069017271106872613, 	 29.30985623887340807414
5.73209999999999997300, 	 28.12559992355837223954, 	 28.82066448168196970414, 	 29.30231828757980494515
5.73320000000000007390, 	 28.11407124500082588270, 	 28.78998001097795977898, 	 29.29439682371366515667
5.73430000000000017479, 	 28.10910438148361123467, 	 28.75887680271200252946, 	 29.28609265950919038346
5.73540000000000027569, 	 28.11133096787851570753, 	 28.72763755748900038611, 	 29.27741059958948710573
5.73650000000000037659, 	 28.12196294586363976009, 	 28.69658766739496513765, 	 29.26836056253040752040
5.73760000000000047748, 	 28.13877517402704597771, 	 28.66609346817885750625, 	 29.25895872651217288762
5.73870000000000057838, 	 28.16532893605784693136, 	 28.63656041284313147344, 	 29.24922865791072723596
5.73980000000000067928, 	 28.20131258936144291738, 	 28.60843988816335681236, 	 29.23920237242095510055
5.74089999999999989200, 	 28.24691192998960787008, 	 28.58220915831076425206, 	 29.22892127090459624128
5.74199999999999999289, 	 28.30212501799494972943, 	 28.55836043019683856414, 	 29.21843688702994512596
5.74310000000000009379, 	 28.36697315294114929429, 	 28.53740292258668276304, 	 29.20781136514147391381
5.74420000000000019469, 	 28.44148599519007092340, 	 28.51985982780619011123, 	 29.19711753186080827049
5.74530000000000029559, 	 28.52565123403758562404, 	 28.50626271155406143976, 	 29.18643839273097384535
5.74640000000000039648, 	 28.61937957068778004555, 	 28.49714024190827998950, 	 29.17586740834698488811
5.74750000000000049738, 	 28.72255455232662413323, 	 28.49300866242268170936, 	 29.16551097867481345816
5.74860000000000059828, 	 28.83501718145625147827, 	 28.49436400925163681563, 	 29.15548625600041887651
5.74970000000000069917, 	 28.95657725697550688437, 	 28.50167541722192510179, 	 29.14591821487302425453
5.75079999999999991189, 	 29.08702884908361241401, 	 28.51537943332674629460, 	 29.13693696464243032551
5.75190000000000001279, 	 29.22614789094302167882, 	 28.53587515014516284850, 	 29.12867833010411189321
5.75300000000000011369, 	 29.37369306190296214254, 	 28.56351829940106767936, 	 29.12128188254194327556
5.75410000000000021458, 	 29.52942071334437201813, 	 28.59857548589758380331, 	 29.11488910995864287656
5.75520000000000031548, 	 29.69306887418172991033, 	 28.64129876022509790801, 	 29.10964163857142850134
5.75630000000000041638, 	 29.86436211879534496916, 	 28.69187147673197202380, 	 29.10567855983966012445
5.75740000000000051728, 	 30.04301652279168521886, 	 28.75057550222150482000, 	 29.10313359111213671326
5.75850000000000061817, 	 30.22874250315939903544, 	 28.81753817345067858469, 	 29.10213596083481135679
5.75960000000000071907, 	 30.42124471485152525929, 	 28.89283760498029351993, 	 29.10281215342817517922
5.76069999999999993179, 	 30.62022442917032449827, 	 28.97650692038322262079, 	 29.10525605743430688221
5.76180000000000003268, 	 30.82538303132341539481, 	 29.06853132598813260756, 	 29.10955598186353299184
5.76290000000000013358, 	 31.03642328224879776144, 	 29.16885055655867020619, 	 29.11581362021483343483
5.76400000000000023448, 	 31.25304887708757917153, 	 29.27736027711063115930, 	 29.12339736609821727598
5.76510000000000033538, 	 31.47496323694444697594, 	 29.39391380363949224375, 	 29.13205639956030523763
5.76620000000000043627, 	 31.70186828488062857900, 	 29.51832389025963720997, 	 29.14191517558533917054
5.76730000000000053717, 	 31.93346337997219563931, 	 29.65036340257785951735, 	 29.15445117534830643535
5.76840000000000063807, 	 32.16944438665730388038, 	 29.78976528365897280537, 	 29.17015418038376850518
5.76949999999999985079, 	 32.40950263919558693715, 	 29.93622462311833132276, 	 29.19012754186040581317
5.77059999999999995168, 	 32.65332352223530421043, 	 30.08940565409412215558, 	 29.21296327604783371612
5.77170000000000005258, 	 32.90058382403029213492, 	 30.24895144395208745891, 	 29.23852951357434193369
5.77280000000000015348, 	 33.15095657036193443901, 	 30.41449207068477278426, 	 29.26634741247798743302
5.77390000000000025437, 	 33.40410633057044975658, 	 30.58564659221811865564, 	 29.29571903922061082426
5.77500000000000035527, 	 33.65968703067936473872, 	 30.76202108934559120712, 	 29.32713112177905045996
5.77610000000000045617, 	 33.91734107269966358444, 	 30.94320614590242257691, 	 29.36084839910011723418
5.77720000000000055707, 	 34.17669938957649122813, 	 31.12877400939745697883, 	 29.39685793750605924401
5.77830000000000065796, 	 34.43738186518476851461, 	 31.31827971282002209819, 	 29.43513693964979793805
5.77939999999999987068, 	 34.69899770958735274462, 	 31.51126549021600808942, 	 29.47563972310803137589
5.78049999999999997158, 	 34.96114591889565303973, 	 31.70726525727737765692, 	 29.51830024592082324375
5.78160000000000007248, 	 35.22341450159926523611, 	 31.90580840105269189166, 	 29.56304927207016319812
5.78270000000000017337, 	 35.48538506848052520581, 	 32.10642284766560550224, 	 29.60975071761383503599
5.78380000000000027427, 	 35.74663137359429043727, 	 32.30863733721205477423, 	 29.65821780128241513808
5.78490000000000037517, 	 36.00672077863286091315, 	 32.51198309959321619544, 	 29.70842098139454989791
5.78600000000000047606, 	 36.26521477378289404214, 	 32.71599498249857163046, 	 29.76034429468764486160
5.78710000000000057696, 	 36.52166963010883193874, 	 32.92021241402530762343, 	 29.81395796874409853672
5.78820000000000067786, 	 36.77564010513236780753, 	 33.12418066057794163726, 	 29.86920607987838849340
5.78929999999999989058, 	 37.02667838723439075466, 	 33.32745241770984279128, 	 29.92601959723101856525
5.79039999999999999147, 	 37.27433781227698972316, 	 33.52958944579921762852, 	 29.98431944189547948554
5.79150000000000009237, 	 37.51817634829585301759, 	 33.73016726613198557061, 	 30.04401773763572336406
5.79260000000000019327, 	 37.75775842478491028942, 	 33.92877796107560328664, 	 30.10502479716300427981
5.79370000000000029416, 	 37.99265639185009035828, 	 34.12500487176119179367, 	 30.16725102302964600653
5.79480000000000039506, 	 38.22245245353341402961, 	 34.31845524151663795465, 	 30.23060719750019842422
5.79590000000000049596, 	 38.44674076464748679882, 	 34.50875022918623358237, 	 30.29500562917976225208
5.79700000000000059686, 	 38.66512952107675005209, 	 34.69552511318693177600, 	 30.36035808218372622491
5.79810000000000069775, 	 38.87724297213263469075, 	 34.87842996077826995815, 	 30.42657454748239942433
5.79919999999999991047, 	 39.08272331918519881810, 	 35.05712992233065961045, 	 30.49356371732573833810
5.80030000000000001137, 	 39.28123247631169334682, 	 35.23130562207749250092, 	 30.56123363784318058833
5.80140000000000011227, 	 39.47245367397954396438, 	 35.40065369493825642166, 	 30.62949557954970813967
5.80250000000000021316, 	 39.65609292159921750454, 	 35.56488736830878849560, 	 30.69824069496107554755
5.80360000000000031406, 	 39.83188022169941433503, 	 35.72373694415922074086, 	 30.76734634493180919890
5.80470000000000041496, 	 39.99957054170212700228, 	 35.87695024534733789778, 	 30.83671926977104860157
5.80580000000000051585, 	 40.15894466484757430180, 	 36.02429303791546288949, 	 30.90628187530271375749
5.80690000000000061675, 	 40.30980980162883042794, 	 36.16554938778722316783, 	 30.97595817454504540933
5.80800000000000071765, 	 40.45199997895934984626, 	 36.30052204615425637257, 	 31.04566989949843502927
5.80909999999999993037, 	 40.58537625447800678558, 	 36.42903293068241055153, 	 31.11533545133608313904
5.81020000000000003126, 	 40.70982677862468790408, 	 36.55092364272091742805, 	 31.18487070808561156809
5.81130000000000013216, 	 40.82526669501313421051, 	 36.66605594744783758188, 	 31.25419035921977695125
5.81240000000000023306, 	 40.93163792105968212809, 	 36.77431216633870292299, 	 31.32320913088195268870
5.81350000000000033396, 	 41.02890877436021099811, 	 36.87559545860292331554, 	 31.39184272670896191926
5.81460000000000043485, 	 41.11707311002226816754, 	 36.96982998995392222241, 	 31.46000849884205408102
5.81570000000000053575, 	 41.19614988573326286314, 	 37.05696099825937039896, 	 31.52762594211029067992
5.81680000000000063665, 	 41.26618100078718498480, 	 37.13695476991426147606, 	 31.59461714037628254914
5.81789999999999984936, 	 41.32723046088189278180, 	 37.20979854168163569739, 	 31.66090679612390701436
5.81899999999999995026, 	 41.37938434765331408016, 	 37.27550031013286968573, 	 31.72642247721116248727
5.82010000000000005116, 	 41.42275041949106650918, 	 37.33408854970382861893, 	 31.79109491207301019244
5.82120000000000015206, 	 41.45745638965651380659, 	 37.38561185062154379466, 	 31.85485822033424341271
5.82230000000000025295, 	 41.48364952840411490342, 	 37.43013848192182280172, 	 31.91765016560293233283
5.82340000000000035385, 	 41.50149500768572607967, 	 37.46775592290001810625, 	 31.97941230693844616439
5.82450000000000045475, 	 41.51117445056408428172, 	 37.49857069208150051054, 	 32.04009004474148980535
5.82560000000000055564, 	 41.51288616621283011909, 	 37.52270563979573125835, 	 32.09963287781771157370
5.82670000000000065654, 	 41.50684237020375633165, 	 37.54030168983251769532, 	 32.15799458088757489804
5.82779999999999986926, 	 41.49326693492118778295, 	 37.55151612164949170847, 	 32.21513349800252257182
5.82889999999999997016, 	 41.47239475447566547928, 	 37.55652184297337470298, 	 32.27101215671583389621
5.83000000000000007105, 	 41.44447139110329203504, 	 37.55550636294678668037, 	 32.32559698161875161304
5.83110000000000017195, 	 41.40975252427849540027, 	 37.54867083592256449265, 	 32.37885855390382516816
5.83220000000000027285, 	 41.36850304130611988285, 	 37.53622905505307016938, 	 32.43077183009318531504
5.83330000000000037375, 	 41.32099595533574643014, 	 37.51840637436061598464, 	 32.48131622438185672763
5.83440000000000047464, 	 41.26751133808414806481, 	 37.49543858160384957046, 	 32.53047559807303912294
5.83550000000000057554, 	 41.20833530749541750993, 	 37.46757074266137976792, 	 32.57823819279619925737
5.83660000000000067644, 	 41.14375905550689793699, 	 37.43505603250602575827, 	 32.62459653536337356172
5.83769999999999988916, 	 41.07407794649081012039, 	 37.39815456303549012773, 	 32.66954757335576431387
5.83879999999999999005, 	 40.99959069180066251192, 	 37.35713221372942882681, 	 32.71309182333698828415
5.83990000000000009095, 	 40.92059851801450776065, 	 37.31225947049716751280, 	 32.75523363045972047303
5.84100000000000019185, 	 40.83740227678062950645, 	 37.26381028667258732412, 	 32.79598118217224822502
5.84210000000000029274, 	 40.75029158740922952120, 	 37.21206079640205643955, 	 32.83534621623773119836
5.84320000000000039364, 	 40.65956714468732968726, 	 37.15728536524424185927, 	 32.87334379376721216204
5.84430000000000049454, 	 40.56549664507004138159, 	 37.09975516791947569573, 	 32.90999209271924286213
5.84540000000000059543, 	 40.46836405202022035610, 	 37.03974243344793393362, 	 32.94531220137621119193
5.84650000000000069633, 	 40.36848384144811774377, 	 36.97756628294024494608, 	 32.97932788601789155791
5.84759999999999990905, 	 40.26620595627453269572, 	 36.91346195585035872000, 	 33.01206532909312585389
5.84870000000000000995, 	 40.16186358257470345734, 	 36.84774959566427554591, 	 33.04355289831492825670
5.84980000000000011084, 	 40.05576151048135358224, 	 36.78064826049588020851, 	 33.07382099612020454060
5.85090000000000021174, 	 39.94818384529943955386, 	 36.71240925836638524515, 	 33.10290196192188005853
5.85200000000000031264, 	 39.83940206086204938174, 	 36.64328351425535146291, 	 33.13082996299259974649
5.85310000000000041354, 	 39.72968077325668900812, 	 36.57351775338901944679, 	 33.15764083230371994659
5.85420000000000051443, 	 39.61927862157695301448, 	 36.50334971041986875662, 	 33.18337185154466340009
5.85530000000000061533, 	 39.50844841306055599262, 	 36.43301142073637777230, 	 33.20806150429658032408
5.85640000000000071623, 	 39.39743613361773100223, 	 36.36272556365492647501, 	 33.23174922765993954954
5.85749999999999992895, 	 39.28648189157260617321, 	 36.29270650324232150297, 	 33.25447518909814448307
5.85860000000000002984, 	 39.17581893804959491945, 	 36.22315953363732887738, 	 33.27628008668907000356
5.85970000000000013074, 	 39.06567221402035272604, 	 36.15427964275047401088, 	 33.29720498965046004969
5.86080000000000023164, 	 38.95625661822219854002, 	 36.08625435872656339598, 	 33.31729119528232985203
5.86190000000000033253, 	 38.84777871774576851749, 	 36.01925615969271632366, 	 33.33658011837331969218
5.86300000000000043343, 	 38.74043536976716239906, 	 35.95344776150667343018, 	 33.35511329832705484932
5.86410000000000053433, 	 38.63441570606845232305, 	 35.88898250572813708459, 	 33.37293246251809364367
5.86520000000000063523, 	 38.52989956746365862728, 	 35.82600201107451454163, 	 33.39007933787139847936
5.86629999999999984794, 	 38.42705670106239068673, 	 35.76463667367325172108, 	 33.40659478796737857920
5.86739999999999994884, 	 38.32604639426001114089, 	 35.70500658454306375234, 	 33.42251859317412510109
5.86850000000000004974, 	 38.22701680061965134882, 	 35.64722114044552370160, 	 33.43788965318482553357
5.86960000000000015064, 	 38.13010693906772985429, 	 35.59137928641355586024, 	 33.45274633418252818728
5.87070000000000025153, 	 38.03544503984949898268, 	 35.53756812830688005533, 	 33.46712894573204266635
5.87180000000000035243, 	 37.94314842849445312822, 	 35.48585984105348956064, 	 33.48105697947865877495
5.87290000000000045333, 	 37.85332368233660105261, 	 35.43630812919985118015, 	 33.49455304891331763883
5.87400000000000055422, 	 37.76606679475892747178, 	 35.38896404966094877409, 	 33.50765535044934750886
5.87510000000000065512, 	 37.68146333252793311885, 	 35.34391403678915821729, 	 33.52040712872216943197
5.87619999999999986784, 	 37.59958857339299953537, 	 35.30113117718465076678, 	 33.53284993525133472758
5.87729999999999996874, 	 37.52050763812753331194, 	 35.26069284073825116366, 	 33.54502160865835946879
5.87840000000000006963, 	 37.44427564837648247931, 	 35.22261925743470101224, 	 33.55695626779123585948
5.87950000000000017053, 	 37.37093782687618670479, 	 35.18692362413092666884, 	 33.56868511909571139995
5.88060000000000027143, 	 37.30052929012310869439, 	 35.15360826190552501203, 	 33.58023696677631164675
5.88170000000000037232, 	 37.23306933390242789983, 	 35.12266750766544021189, 	 33.59163809630066310774
5.88280000000000047322, 	 37.16857451982684068525, 	 35.09408874323604976553, 	 33.60291352064739101024
5.88390000000000057412, 	 37.10706785561906428939, 	 35.06785270860252978764, 	 33.61408700140637506593
5.88500000000000067502, 	 37.04856039404398870829, 	 35.04393387255067437991, 	 33.62518103473541941639
5.88609999999999988773, 	 36.99304688220364312201, 	 35.02230076149888304826, 	 33.63621684076124296325
5.88719999999999998863, 	 36.94050146096841302779, 	 35.00291629934637427368, 	 33.64721435726710296876
5.88830000000000008953, 	 36.89089603214104329254, 	 34.98573820464434902533, 	 33.65819223742434473934
5.88940000000000019043, 	 36.84419712063314733541, 	 34.97071942687804124716, 	 33.66916785182973370638
5.89050000000000029132, 	 36.80035283338346374649, 	 34.95780854145303351288, 	 33.68015729522977608212
5.89160000000000039222, 	 36.75932021817867934033, 	 34.94694982184596909747, 	 33.69117539841583663929
5.89270000000000049312, 	 36.72105314614550763963, 	 34.93808340970353043531, 	 33.70223574581670789030
5.89380000000000059401, 	 36.68549708949462484497, 	 34.93114592493300563092, 	 33.71335087557106646727
5.89490000000000069491, 	 36.65259101950287856653, 	 34.92607099715563379050, 	 33.72451393251285622910
5.89599999999999990763, 	 36.62226931104422789076, 	 34.92278966713762144991, 	 33.73572791080535182573
5.89710000000000000853, 	 36.59446241414081413268, 	 34.92123071796507360887, 	 33.74701340157599815939
5.89820000000000010942, 	 36.56909693945581096841, 	 34.92132095130435942565, 	 33.75838903585328409918
5.89930000000000021032, 	 36.54609552905017721969, 	 34.92298543078557315766, 	 33.76986798431467917680
5.90040000000000031122, 	 36.52537684079207735977, 	 34.92614777276956061769, 	 33.78145869005815171704
5.90150000000000041211, 	 36.50685574710107772489, 	 34.93073049593660783785, 	 33.79316633419322357668
5.90260000000000051301, 	 36.49044368177468555814, 	 34.93665537598049297685, 	 33.80499402153994026321
5.90370000000000061391, 	 36.47604904253055480012, 	 34.94384376254243562698, 	 33.81694352748282739185
5.90480000000000071481, 	 36.46357758921888603254, 	 34.95221684537889927924, 	 33.82901569982491452038
5.90589999999999992752, 	 36.45293281219196046550, 	 34.96169587556504865233, 	 33.84121064637685805110
5.90700000000000002842, 	 36.44401626629880297514, 	 34.97220235371771224209, 	 33.85352781004554856281
5.90810000000000012932, 	 36.43672787489018105589, 	 34.98365819633695394941, 	 33.86596599495283754777
5.90920000000000023022, 	 36.43096621011834912451, 	 34.99598588798512821540, 	 33.87852337740206820627
5.91030000000000033111, 	 36.42662875463968674694, 	 35.00910862356415975682, 	 33.89119751681302261659
5.91140000000000043201, 	 36.42361214774039268605, 	 35.02295044234095655611, 	 33.90398537182651494959
5.91250000000000053291, 	 36.42181241687760717696, 	 35.03743635546379664447, 	 33.91688334896897316639
5.91360000000000063380, 	 36.42112519411526960766, 	 35.05249248138144224640, 	 33.92988735092810514971
5.91469999999999984652, 	 36.42144591615566184828, 	 35.06804616194042267807, 	 33.94299269344407576909
5.91579999999999994742, 	 36.42267000629193773875, 	 35.08402603082556936442, 	 33.95619413590511470602
5.91690000000000004832, 	 36.42469275011666951514, 	 35.10036207346666259355, 	 33.96948597164548289129
5.91800000000000014921, 	 36.42740996666071850996, 	 35.11698569362297206453, 	 33.98286204034769752980
5.91910000000000025011, 	 36.43071806766799625166, 	 35.13382977856205258149, 	 33.99631577758001554912
5.92020000000000035101, 	 36.43451403965327983769, 	 35.15082875483700775021, 	 34.00984025454917514253
5.92130000000000045191, 	 36.43869553503564873154, 	 35.16791862781644795177, 	 34.02342822710471637038
5.92240000000000055280, 	 36.44316087953372829134, 	 35.18503701205978728694, 	 34.03707203036755402081
5.92350000000000065370, 	 36.44780915103892482421, 	 35.20212314884795290482, 	 34.05076369556076798517
5.92459999999999986642, 	 36.45254024198899855946, 	 35.21911791371336164502, 	 34.06449498873274706057
5.92569999999999996732, 	 36.45725485912343799555, 	 35.23596382054919473603, 	 34.07825742132493473946
5.92680000000000006821, 	 36.46185463634604673189, 	 35.25260501022886217015, 	 34.09204227675827780786
5.92790000000000016911, 	 36.46624278274828157009, 	 35.26898694263444156149, 	 34.10584058137101237662
5.92900000000000027001, 	 36.47032297920135590630, 	 35.28505733735094196390, 	 34.11964312637713447884
5.93010000000000037090, 	 36.47400000502814521042, 	 35.30076531952241225554, 	 34.13344068851298374057
5.93120000000000047180, 	 36.47717930285487142328, 	 35.31606113428149029687, 	 34.14722369644335486782
5.93230000000000057270, 	 36.47976846085214219784, 	 35.33089640819984822429, 	 34.16098219617260411951
5.93340000000000067359, 	 36.48167690357801262735, 	 35.34522408417181082996, 	 34.17470604013888646477
5.93449999999999988631, 	 36.48281525719112750039, 	 35.35899834955638709744, 	 34.18838493913301590510
5.93559999999999998721, 	 36.48309531670670935455, 	 35.37217453464081273751, 	 34.20200846671621519590
5.93670000000000008811, 	 36.48243014888149104991, 	 35.38470912372777377186, 	 34.21556605287226204837
5.93780000000000018900, 	 36.48073412176592711376, 	 35.39655965186049257909, 	 34.22904697672396423513
5.93890000000000028990, 	 36.47792284576077292968, 	 35.40768465059694136698, 	 34.24244036115529610242
5.94000000000000039080, 	 36.47391318432344320399, 	 35.41804357274914849540, 	 34.25573517699616843402
5.94110000000000049170, 	 36.46862327305706230618, 	 35.42759672849792451643, 	 34.26892023248042562500
5.94220000000000059259, 	 36.46197252253939069533, 	 35.43630522040176344944, 	 34.28198416244154600463
5.94330000000000069349, 	 36.45388163615277221652, 	 35.44413085678375097132, 	 34.29491545126257534548
5.94439999999999990621, 	 36.44427256629266054233, 	 35.45103607687612878863, 	 34.30770242968183936227
5.94550000000000000711, 	 36.43306843429203922824, 	 35.45698389536254069299, 	 34.32033325928526323878
5.94660000000000010800, 	 36.42019352186799352467, 	 35.46193784157642170385, 	 34.33279590323746788272
5.94770000000000020890, 	 36.40557326266609550203, 	 35.46586187808123469267, 	 34.34507810220731016670
5.94880000000000030980, 	 36.38913421712184259604, 	 35.46872033905910370777, 	 34.35716739980068723526
5.94990000000000041069, 	 36.37080407653822788916, 	 35.47047787808320151726, 	 34.36905116244167857076
5.95100000000000051159, 	 36.35051155777748022047, 	 35.47109941738307981041, 	 34.38071658367928762345
5.95210000000000061249, 	 36.32818641327563113919, 	 35.47055009932346081314, 	 34.39215067987067442346
5.95320000000000071338, 	 36.30375951709349635621, 	 35.46879523988300775272, 	 34.40334028286600442925
5.95429999999999992610, 	 36.27716285023617359684, 	 35.46580028435133868925, 	 34.41427203267865309044
5.95540000000000002700, 	 36.24832950553562938012, 	 35.46153076663378556077, 	 34.42493237113225745816
5.95650000000000012790, 	 36.21719379013159567648, 	 35.45595227298795037996, 	 34.43530753656315823719
5.95760000000000022879, 	 36.18369128029069514696, 	 35.44903041075743743704, 	 34.44538355940345297768
5.95870000000000032969, 	 36.14775893443405152539, 	 35.44073078265527243502, 	 34.45514625847046374929
5.95980000000000043059, 	 36.10933521148406555312, 	 35.43101896736145306477, 	 34.46458123785124882943
5.96090000000000053149, 	 36.06836026000113548662, 	 35.41986050725326862221, 	 34.47367388433384860491
5.96200000000000063238, 	 36.02477031618825265014, 	 35.40722090416766576482, 	 34.48240936538827838831
5.96309999999999984510, 	 35.97850824456556750874, 	 35.39306562701165148610, 	 34.49077262774299867942
5.96419999999999994600, 	 35.92952337179912092324, 	 35.37736013906067711332, 	 34.49874839664023795649
5.96530000000000004690, 	 35.87763933879995192910, 	 35.36006991769152563165, 	 34.50632117589251635081
5.96640000000000014779, 	 35.82259797842149851022, 	 35.34116045944704609383, 	 34.51347524892847928868
5.96750000000000024869, 	 35.76445581343925539386, 	 35.32059728980701152068, 	 34.52019468109941868761
5.96860000000000034959, 	 35.70343876275997985204, 	 35.29834573108260542540, 	 34.52646332342256130232
5.96970000000000045048, 	 35.63980371795421575598, 	 35.27437020802328504487, 	 34.53226481766017741393
5.97080000000000055138, 	 35.57396995145306561881, 	 35.24863408536729991738, 	 34.53758260213843556130
5.97190000000000065228, 	 35.50506793636432689709, 	 35.22110062451626077973, 	 34.54239991543131793605
5.97299999999999986500, 	 35.43281313869447757270, 	 35.19173453582470045831, 	 34.54669979166074256227
5.97409999999999996589, 	 35.35713353185972351866, 	 35.16050377689150252536, 	 34.55046504479178537395
5.97520000000000006679, 	 35.27808075591292436002, 	 35.12737912632815806546, 	 34.55367825207207488347
5.97630000000000016769, 	 35.19567257725408637725, 	 35.09233148337632712810, 	 34.55632175817813589447
5.97740000000000026859, 	 35.10987933561698781659, 	 35.05532977440396535940, 	 34.55837772061608603735
5.97850000000000036948, 	 35.02067341391951060814, 	 35.01634053856935224758, 	 34.55982819282320406273
5.97960000000000047038, 	 34.92803435370198172905, 	 34.97532859844088903856, 	 34.56065520817924152652
5.98070000000000057128, 	 34.83193645945716099277, 	 34.93225776600618814882, 	 34.56084082159847525872
5.98180000000000067217, 	 34.73236476617805834621, 	 34.88709119358465216010, 	 34.56036755897640944113
5.98289999999999988489, 	 34.62930682912993063383, 	 34.83979130197518259138, 	 34.55921810599405574749
5.98399999999999998579, 	 34.52275256490438692936, 	 34.79031930068784816967, 	 34.55737436877977586391
5.98510000000000008669, 	 34.41269961725677717368, 	 34.73866065768005739756, 	 34.55481640385518460334
5.98620000000000018758, 	 34.29914600783859413013, 	 34.68485427789293851220, 	 34.55135047809719139877
5.98730000000000028848, 	 34.18208456197859135273, 	 34.62881499410877950140, 	 34.54691732592030462001
5.98840000000000038938, 	 34.06150950952751088607, 	 34.57050044994365123330, 	 34.54201850516066940600
5.98950000000000049027, 	 33.93741649446462815831, 	 34.50988603887927297365, 	 34.53734421281940569770
5.99060000000000059117, 	 33.80980292591551261694, 	 34.44699161242576934683, 	 34.53227205530944132761
5.99170000000000069207, 	 33.67866860620898705747, 	 34.38173879030826185499, 	 34.52610555046403106871
5.99279999999999990479, 	 33.54401608886070107474, 	 34.31416586961213965878, 	 34.51882550996229070961
5.99390000000000000568, 	 33.40585102522380367418, 	 34.24422928529238419060, 	 34.51048603182054819172
5.99500000000000010658, 	 33.26418237687590107043, 	 34.17191483618893244056, 	 34.50112039751076054017
5.99610000000000020748, 	 33.11902253320854327967, 	 34.09721652477687570126, 	 34.49075675467177859446
5.99720000000000030838, 	 32.97038767045155793767, 	 34.02012959630921784537, 	 34.47941162593183150875
5.99830000000000040927, 	 32.81829866130740214203, 	 33.94064908657365720046, 	 34.46709292058073259568
5.99940000000000051017, 	 32.66278305224092548542, 	 33.85876983485621138925, 	 34.45379664288019938567
6.00050000000000061107, 	 32.50387894136356692343, 	 33.77448772500049045675, 	 34.43951308533490163200
6.00160000000000071196, 	 32.34164167932559763585, 	 33.68780056617371343464, 	 34.42423179402032928920
6.00269999999999992468, 	 32.17615396248842074556, 	 33.59870837145787447753, 	 34.40794287404673923447
6.00380000000000002558, 	 32.00753967166686919654, 	 33.50721386965162196248, 	 34.39063662439438928686
6.00490000000000012648, 	 31.83598028125841850056, 	 33.41332309858047011630, 	 34.37230299598043359310
6.00600000000000022737, 	 31.66173116456993597012, 	 33.31704584569651217407, 	 34.35293136861801599480
6.00710000000000032827, 	 31.48513588895675496815, 	 33.21839647879196633085, 	 34.33251063083275766985
6.00820000000000042917, 	 31.30663764874576671104, 	 33.11739518554353622903, 	 34.31102941659833760468
6.00930000000000053006, 	 31.12678123781926586844, 	 33.01406970847243371736, 	 34.28847639661001522882
6.01040000000000063096, 	 30.94621092472705115028, 	 32.90845783722070905242, 	 34.26484057714036879361
6.01150000000000073186, 	 30.76565888704381634966, 	 32.80061055962699612110, 	 34.24011155691619734398
6.01259999999999994458, 	 30.58592714811411994447, 	 32.69059593889675596756, 	 34.21427969718823192125
6.01370000000000004547, 	 30.40786571281416428292, 	 32.57850351389182463890, 	 34.18733626192769037289
6.01480000000000014637, 	 30.23234745935797462835, 	 32.46444901412995420742, 	 34.15927367773682732377
6.01590000000000024727, 	 30.06023998819650344672, 	 32.34857902061594359111, 	 34.13008614444765953522
6.01700000000000034817, 	 29.89238694863289680370, 	 32.23107529931632342368, 	 34.09977050579254864715
6.01810000000000044906, 	 29.72958459283380605598, 	 32.11215839487775269845, 	 34.06832681225890979704
6.01920000000000054996, 	 29.57256730009747514032, 	 31.99209017340717764455, 	 34.03575875630713198916
6.02030000000000065086, 	 29.42199498931549328518, 	 31.87117495561860280873, 	 34.00207375882160221181
6.02139999999999986358, 	 29.27844521957928947131, 	 31.74975909391195827425, 	 33.96728363394932159736
6.02249999999999996447, 	 29.14240987992940645768, 	 31.62822902093188659478, 	 33.93140609260821349835
6.02360000000000006537, 	 29.01429587296641443572, 	 31.50700791727176763857, 	 33.89446687117489176444
6.02470000000000016627, 	 28.89442773845487621998, 	 31.38655099702387829552, 	 33.85650190339066512024
6.02580000000000026716, 	 28.78305103557145727677, 	 31.26734036584891285315, 	 33.81755883431721088073
6.02690000000000036806, 	 28.68033545313474874661, 	 31.14989024002301221117, 	 33.77769679169907135474
6.02800000000000046896, 	 28.58638082915073042045, 	 31.03473288187658596371, 	 33.73698600367598743333
6.02910000000000056986, 	 28.50122443588140086490, 	 30.92239918251788211023, 	 33.69550630929441581429
6.03020000000000067075, 	 28.42485751614215772065, 	 30.81341879168017428015, 	 33.65334581179104844750
6.03129999999999988347, 	 28.35723108217563748212, 	 30.70831352293477323201, 	 33.61060070005668620752
6.03239999999999998437, 	 28.29826026503575064908, 	 30.60759049194160397178, 	 33.56737592455220919874
6.03350000000000008527, 	 28.24782887443508272440, 	 30.51173573132517446993, 	 33.52378492205657067871
6.03460000000000018616, 	 28.20579451851535068840, 	 30.42120845413229446308, 	 33.47995016182532168614
6.03570000000000028706, 	 28.17199334205639260631, 	 30.33643607117767260206, 	 33.43600246860493996337
6.03680000000000038796, 	 28.14624407037725006830, 	 30.25781001182581775311, 	 33.39208048679051188401
6.03790000000000048885, 	 28.12835118976804338331, 	 30.18568229616985121311, 	 33.34832741034124126145
6.03900000000000058975, 	 28.11810772257894086579, 	 30.12036280740233351594, 	 33.30488803269140163366
6.04010000000000069065, 	 28.11530014710619340690, 	 30.06211748144850659514, 	 33.26190605614469575357
6.04119999999999990337, 	 28.11977293345841033556, 	 30.01117071056352259006, 	 33.21952033343570320767
6.04230000000000000426, 	 28.13136309276483970621, 	 29.96769758386267668016, 	 33.17786435810938172608
6.04340000000000010516, 	 28.14972838211004813047, 	 29.93182889165652937891, 	 33.13706649608862875311
6.04450000000000020606, 	 28.17442272111441070592, 	 29.90365731908329749444, 	 33.09724812574714292168
6.04560000000000030695, 	 28.20498508675827409320, 	 29.88320325219991602239, 	 33.05852224921676452141
6.04670000000000040785, 	 28.24126170338211494482, 	 29.87045553244051632191, 	 33.02099238249694224123
6.04780000000000050875, 	 28.28313850219882397141, 	 29.86536349131389656009, 	 32.98475244206807843739
6.04890000000000060965, 	 28.33047373772027199834, 	 29.86783346906479152949, 	 32.94988705251292060439
6.05000000000000071054, 	 28.38309046567487214929, 	 29.87773134530183583024, 	 32.91647106966714630971
6.05109999999999992326, 	 28.44067224556412298853, 	 29.89488455606610273207, 	 32.88456920801128546827
6.05220000000000002416, 	 28.50279338996148226215, 	 29.91908513298840333050, 	 32.85423528883551114177
6.05330000000000012506, 	 28.56950494135238471927, 	 29.95009300892608550271, 	 32.82551054094484754842
6.05440000000000022595, 	 28.64065078578828860145, 	 29.98763896709616716407, 	 32.79842481284514121853
6.05550000000000032685, 	 28.71601239054067633560, 	 30.03142708394057436294, 	 32.77299759642838239415
6.05660000000000042775, 	 28.79534119718512386044, 	 30.08113760380035017761, 	 32.74923882747599890308
6.05770000000000052864, 	 28.87837058916908006267, 	 30.13643042397681170996, 	 32.72714920096708368646
6.05880000000000062954, 	 28.96482207690225152419, 	 30.19694849519134649540, 	 32.70672149543187856580
6.05990000000000073044, 	 29.05440710649783042641, 	 30.26232078005201131532, 	 32.68794127113623204650
6.06099999999999994316, 	 29.14681988068058160479, 	 30.33216478811646155123, 	 32.67078704455261828343
6.06210000000000004405, 	 29.24174561707989639103, 	 30.40608881156738263485, 	 32.65523067368449972037
6.06320000000000014495, 	 29.33885997575492865508, 	 30.48369391199367939294, 	 32.64123793046219645930
6.06430000000000024585, 	 29.43782506990947211989, 	 30.56457573546551031995, 	 32.62876907711694229874
6.06540000000000034674, 	 29.53829313987606397518, 	 30.64832622980451759531, 	 32.61777978025988034005
6.06650000000000044764, 	 29.63990637033097286235, 	 30.73453531549925443755, 	 32.60822163073847690384
6.06760000000000054854, 	 29.74229733694902932939, 	 30.82279248019898076905, 	 32.60004222063043499702
6.06870000000000064944, 	 29.84508989466400663559, 	 30.91268826901039901145, 	 32.59318670778529991594
6.06979999999999986215, 	 29.94790053078334679526, 	 31.00381566842323621813, 	 32.58759815095833545229
6.07089999999999996305, 	 30.05034001497308437933, 	 31.09577139781260157747, 	 32.58321748477215606954
6.07200000000000006395, 	 30.15201677117772049996, 	 31.18815709707148897678, 	 32.57998363263229180120
6.07310000000000016485, 	 30.25253495338409948090, 	 31.28058039600534812053, 	 32.57783376564589872260
6.07420000000000026574, 	 30.35150203223902920513, 	 31.37265589380450592216, 	 32.57670359213833677359
6.07530000000000036664, 	 30.44852335770853457575, 	 31.46400612672440644246, 	 32.57652760249943213466
6.07640000000000046754, 	 30.54294260950134898280, 	 31.55426248411819756257, 	 32.57724147389489388615
6.07750000000000056843, 	 30.63444321759216748546, 	 31.64306289053251219912, 	 32.57877084370717568618
6.07860000000000066933, 	 30.72275693448089128879, 	 31.73005581647372252974, 	 32.58102529128344571063
6.07969999999999988205, 	 30.80756771306476338168, 	 31.81490767863628832401, 	 32.58394149463618560958
6.08079999999999998295, 	 30.88854650610388219434, 	 31.89729174192381577768, 	 32.58745959007260495355
6.08190000000000008384, 	 30.96536595518806578298, 	 31.97689258533195300060, 	 32.59151537297471179500
6.08300000000000018474, 	 31.03770917424972708432, 	 32.05340696927819976736, 	 32.59551596382520699535
6.08410000000000028564, 	 31.10527743607901385303, 	 32.12654497141458165288, 	 32.59930286745549921079
6.08520000000000038654, 	 31.16778751658291568560, 	 32.19603087024507459546, 	 32.60325597123618734940
6.08630000000000048743, 	 31.22497448274602049878, 	 32.26160281795173290220, 	 32.60753341375210112574
6.08740000000000058833, 	 31.27659701596920172051, 	 32.32301197913228918424, 	 32.61215999720521097061
6.08850000000000068923, 	 31.32243967647416127420, 	 32.38002370475292934771, 	 32.61694574899541265722
6.08959999999999990195, 	 31.36230914315473583542, 	 32.43242019440926071638, 	 32.62212478134197368718
6.09070000000000000284, 	 31.39603412026265871759, 	 32.48000300185808697506, 	 32.62728277513928532017
6.09180000000000010374, 	 31.42346879993172592549, 	 32.52259394128540037627, 	 32.63255959634649627787
6.09290000000000020464, 	 31.44448524572060676974, 	 32.56003481469157634365, 	 32.63837790391633575382
6.09400000000000030553, 	 31.45884141868350525328, 	 32.59218635162854837972, 	 32.64422692286860439026
6.09510000000000040643, 	 31.46643445671119110330, 	 32.61892933621436441172, 	 32.64974126276059962493
6.09620000000000050733, 	 31.46726896671583872944, 	 32.64016757703243598598, 	 32.65487801315635607580
6.09730000000000060822, 	 31.46136812070691135546, 	 32.65582701340029814219, 	 32.65951118117508400474
6.09840000000000070912, 	 31.44876484989154263872, 	 32.66585250049277533435, 	 32.66352644211094258253
6.09949999999999992184, 	 31.42950177366427055858, 	 32.67020547767361904334, 	 32.66684859473274116226
6.10060000000000002274, 	 31.40364366265684736845, 	 32.66886364174308710062, 	 32.66941922610237014624
6.10170000000000012363, 	 31.37122026288898979374, 	 32.66181852782657557555, 	 32.67118784959514954380
6.10280000000000022453, 	 31.33225342732682605629, 	 32.64907738159384109622, 	 32.67210695006242815452
6.10390000000000032543, 	 31.28684587990756682530, 	 32.63066645467279869308, 	 32.67213220818070595897
6.10500000000000042633, 	 31.23514636425434787270, 	 32.60662883314369508980, 	 32.67121912491206359164
6.10610000000000052722, 	 31.17732771379125722433, 	 32.57702524681591427225, 	 32.66932315500083916504
6.10720000000000062812, 	 31.11359284655795676144, 	 32.54193334993618691442, 	 32.66640220921976123236
6.10830000000000072902, 	 31.04412988750856428055, 	 32.50144807444541328323, 	 32.66241061049093730162
6.10939999999999994174, 	 30.96912197119820575608, 	 32.45568144646627217753, 	 32.65816689059418820307
6.11050000000000004263, 	 30.88877880041889056884, 	 32.40476211926909400063, 	 32.65341556500357711457
6.11160000000000014353, 	 30.80331265405456875328, 	 32.34883509015200075964, 	 32.64776514458600331636
6.11270000000000024443, 	 30.71295691676380101853, 	 32.28806268001567758574, 	 32.64059525594777255719
6.11380000000000034532, 	 30.61795462162288927743, 	 32.22262307073989262562, 	 32.63191786720604170569
6.11490000000000044622, 	 30.51854805521772107113, 	 32.15269919337317361396, 	 32.62177605502179034147
6.11600000000000054712, 	 30.41498687101175235625, 	 32.07854395362021904248, 	 32.61026826326611427476
6.11710000000000064801, 	 30.30752907826301623118, 	 32.00035814783853282961, 	 32.59746428795633477193
6.11819999999999986073, 	 30.19643929819498495704, 	 31.91836251782613231853, 	 32.58339795879651745736
6.11929999999999996163, 	 30.08198684202848127711, 	 31.83278429999252878702, 	 32.56808248634395397403
6.12040000000000006253, 	 29.96444491055603265295, 	 31.74386007938521458982, 	 32.55152741496593193915
6.12150000000000016342, 	 29.84409010060694456001, 	 31.65183279543566285952, 	 32.53374575127725165657
6.12260000000000026432, 	 29.72120141165272855233, 	 31.55695094366909714267, 	 32.51475475668598136281
6.12370000000000036522, 	 29.59605684127420843765, 	 31.45946799278019767598, 	 32.49457494849529837211
6.12480000000000046612, 	 29.46893495523294603800, 	 31.35964151328234450489, 	 32.47322916847448226463
6.12590000000000056701, 	 29.34011469096476432128, 	 31.25773215959543804843, 	 32.45074209334318027231
6.12700000000000066791, 	 29.20987471059201823209, 	 31.15400259277121008950, 	 32.42714010449963524252
6.12809999999999988063, 	 29.07849247899915923199, 	 31.04871636083220920455, 	 32.40245132761115343101
6.12919999999999998153, 	 28.94624338673600405514, 	 30.94213677151630292883, 	 32.37670562159617304587
6.13030000000000008242, 	 28.81339997458675128428, 	 30.83452578569607638315, 	 32.34993467887158402618
6.13140000000000018332, 	 28.68023141884016879999, 	 30.72614294120824496304, 	 32.32217240328016316653
6.13250000000000028422, 	 28.54700383770173033327, 	 30.61724433430385872157, 	 32.29345506008544930410
6.13360000000000038511, 	 28.41397718583881726317, 	 30.50808165971042029696, 	 32.26382053493364310270
6.13470000000000048601, 	 28.28140644515384849456, 	 30.39890130807449253325, 	 32.23330712774011885813
6.13580000000000058691, 	 28.14954082212897645832, 	 30.28994356262521492340, 	 32.20195369554067355011
6.13690000000000068781, 	 28.01862437817459294820, 	 30.18144188438566999366, 	 32.16980093653753414173
6.13799999999999990052, 	 27.88889412759909092188, 	 30.07362223235723419634, 	 32.13689220991791017923
6.13910000000000000142, 	 27.76058208218483969176, 	 29.96670163696327904290, 	 32.10327369222497395640
6.14020000000000010232, 	 27.63391321929927713086, 	 29.86088503432372576185, 	 32.06899315764511726456
6.14130000000000020322, 	 27.50910271570397469532, 	 29.75637695044864017291, 	 32.03409845865462557413
6.14240000000000030411, 	 27.38635704059181108505, 	 29.65336837512071710421, 	 31.99863655571240883546
6.14350000000000040501, 	 27.26587426922949575214, 	 29.55204059200328003953, 	 31.96265267396735509919
6.14460000000000050591, 	 27.14784384844667997072, 	 29.45256482920702723050, 	 31.92619092563003135865
6.14570000000000060680, 	 27.03244627735506355748, 	 29.35510204785716581455, 	 31.88929565806712673748
6.14680000000000070770, 	 26.91985280031600424877, 	 29.25980279324968336141, 	 31.85201178510395436660
6.14789999999999992042, 	 26.81022514185093896799, 	 29.16680708638375918440, 	 31.81438443550716854702
6.14900000000000002132, 	 26.70371528788920656439, 	 29.07624435977432852951, 	 31.77645982122130163816
6.15010000000000012221, 	 26.60046527943786998094, 	 28.98823339833091239370, 	 31.73828406944726410188
6.15120000000000022311, 	 26.50060704114575216295, 	 28.90288233437774323420, 	 31.69990225517011595002
6.15230000000000032401, 	 26.40426227556461569179, 	 28.82028872185070866863, 	 31.66135841114896720683
6.15340000000000042490, 	 26.31154239668692795817, 	 28.74053966138090387972, 	 31.62269564411193911724
6.15450000000000052580, 	 26.22254848648245229015, 	 28.66371194927594601154, 	 31.58395619887171434925
6.15560000000000062670, 	 26.13737122581623495421, 	 28.58987225376671403865, 	 31.54518155967320680588
6.15670000000000072760, 	 26.05609104541368026275, 	 28.51907732608448142742, 	 31.50641232605245534160
6.15779999999999994031, 	 25.97877823000648334073, 	 28.45137422221947076650, 	 31.46768726706173069374
6.15890000000000004121, 	 25.90549292874840858758, 	 28.38680055853694739199, 	 31.42904382210641855977
6.16000000000000014211, 	 25.83628521831017721411, 	 28.32538478588969610428, 	 31.39051821825682964118
6.16110000000000024301, 	 25.77119529758801874664, 	 28.26714648707064014843, 	 31.35214535515372702434
6.16220000000000034390, 	 25.71025377921151289229, 	 28.21209669319717505687, 	 31.31395880587411539864
6.16330000000000044480, 	 25.65348179949396723032, 	 28.16023822132154563747, 	 31.27599076758630047834
6.16440000000000054570, 	 25.60089177315842334792, 	 28.11156604264778735569, 	 31.23827204902129750508
6.16550000000000064659, 	 25.55248756149995870146, 	 28.06606773336551086118, 	 31.20083205366911016654
6.16659999999999985931, 	 25.50826435386349899659, 	 28.02372420484092074844, 	 31.16369876500429825228
6.16769999999999996021, 	 25.46820873920264460821, 	 27.98451217776316113373, 	 31.12689871866238533471
6.16880000000000006111, 	 25.43229893406695296676, 	 27.94838082073971818886, 	 31.09045711737069694891
6.16990000000000016200, 	 25.40050515333361857984, 	 27.91530277091345624285, 	 31.05439774184030099491
6.17100000000000026290, 	 25.37279071700299581948, 	 27.88523097469247602476, 	 31.01874294118215402705
6.17210000000000036380, 	 25.34912305464477455530, 	 27.85811829478258871973, 	 30.98351366845032828223
6.17320000000000046469, 	 25.32945008793781838108, 	 27.83391059093741404240, 	 30.94872948898593989497
6.17430000000000056559, 	 25.31373667353562240123, 	 27.81254924822168916876, 	 30.91440858550912906821
6.17540000000000066649, 	 25.30195293644953125067, 	 27.79397155813217779041, 	 30.88056777089273552406
6.17649999999999987921, 	 25.29402304325583372702, 	 27.77811116223799103864, 	 30.84722252539089382140
6.17759999999999998010, 	 25.28982677356409425329, 	 27.76489823594225825332, 	 30.81438735027298747582
6.17870000000000008100, 	 25.28925079021565380799, 	 27.75425990526909814093, 	 30.78207549139440146746
6.17980000000000018190, 	 25.29219838610335102658, 	 27.74612099216865956919, 	 30.75029848313594271758
6.18090000000000028280, 	 25.29858252167769450125, 	 27.74040415421059435630, 	 30.71906654354947718844
6.18200000000000038369, 	 25.30831786753362777631, 	 27.73703006311584573496, 	 30.68838866405041088115
6.18310000000000048459, 	 25.32131789670320642927, 	 27.73591755196179065024, 	 30.65827256209783158170
6.18420000000000058549, 	 25.33749313564641170160, 	 27.73698380067980195918, 	 30.62872483853937310982
6.18530000000000068638, 	 25.35675520391737691739, 	 27.74014462708615980091, 	 30.59975116279657925134
6.18639999999999989910, 	 25.37898496430981865046, 	 27.74531486136931235365, 	 30.57135638146730016729
6.18750000000000000000, 	 25.40405618964173584118, 	 27.75240874443858274390, 	 30.54354448647634612257
6.18860000000000010090, 	 25.43186761658670747011, 	 27.76134031118293776785, 	 30.51631861522940170062
6.18970000000000020179, 	 25.46232632031007625528, 	 27.77202371427626559353, 	 30.48968098702761508889
6.19080000000000030269, 	 25.49533907809251331855, 	 27.78437345356332954793, 	 30.46363285968896761347
6.19190000000000040359, 	 25.53080967695179737120, 	 27.79830458063176834571, 	 30.43817458318402557893
6.19300000000000050449, 	 25.56863879903725589315, 	 27.81373294507357840644, 	 30.41330564773666722544
6.19410000000000060538, 	 25.60872506446941088143, 	 27.83057547774309625765, 	 30.38902477775946664451
6.19520000000000070628, 	 25.65096588215078199369, 	 27.84875047199981423773, 	 30.36532991856417140752
6.19629999999999991900, 	 25.69525662439300717210, 	 27.86817781791114256862, 	 30.34221819455146373912
6.19740000000000001990, 	 25.74149295935021442006, 	 27.88877920364173945700, 	 30.31968611259799217805
6.19850000000000012079, 	 25.78956991611678262188, 	 27.91047831504623744081, 	 30.29772967540368000527
6.19960000000000022169, 	 25.83938333912420048932, 	 27.93320097810444480046, 	 30.27634440798203030454
6.20070000000000032259, 	 25.89082988383241712427, 	 27.95687520629451228160, 	 30.25552535861647385218
6.20180000000000042348, 	 25.94380713493671208880, 	 27.98143122032027108048, 	 30.23526711960228396947
6.20290000000000052438, 	 25.99821375830762804071, 	 28.00680147075930292999, 	 30.21556387307985858115
6.20400000000000062528, 	 26.05394964920860090274, 	 28.03292065864548732179, 	 30.19640944980385555141
6.20510000000000072617, 	 26.11089245958793725322, 	 28.05972574927890761387, 	 30.17779738828556901353
6.20619999999999993889, 	 26.16891387174028693607, 	 28.08715597721752388338, 	 30.15972098700457593168
6.20730000000000003979, 	 26.22793404467120836898, 	 28.11515283374925644466, 	 30.14217334727064212530
6.20840000000000014069, 	 26.28787431203097924026, 	 28.14365999697736597795, 	 30.12514740717313799223
6.20950000000000024158, 	 26.34865308478323697727, 	 28.17262319835634443166, 	 30.10863596817561216312
6.21060000000000034248, 	 26.41018672569435210562, 	 28.20199013641361673876, 	 30.09263171593008934224
6.21170000000000044338, 	 26.47239114501344658947, 	 28.23171049331653748027, 	 30.07712723833915191562
6.21280000000000054428, 	 26.53518112883794799473, 	 28.26173599623966836702, 	 30.06211505094488956047
6.21390000000000064517, 	 26.59847285234619818084, 	 28.29202047006361553372, 	 30.04758754517366270420
6.21499999999999985789, 	 26.66218367135681788227, 	 28.32251987420854177913, 	 30.03353704213540353862
6.21609999999999995879, 	 26.72623250330073219061, 	 28.35319229434259469258, 	 30.01995582146953722713
6.21720000000000005969, 	 26.79053996123788294881, 	 28.38399789167488407315, 	 30.00683609688256581194
6.21830000000000016058, 	 26.85502834543898131869, 	 28.41489881605562217715, 	 29.99416999823757379318
6.21940000000000026148, 	 26.91962162492342969244, 	 28.44585909871274154170, 	 29.98194957493258172576
6.22050000000000036238, 	 26.98424540260636561584, 	 28.47684453575782015378, 	 29.97016681240460655999
6.22160000000000046327, 	 27.04882693000195814648, 	 28.50782256790560609261, 	 29.95881365184543199121
6.22270000000000056417, 	 27.11329522290281701657, 	 28.53876215895689583135, 	 29.94788200734679861625
6.22380000000000066507, 	 27.17758076491444896305, 	 28.56963367134816778048, 	 29.93736377826817118830
6.22489999999999987779, 	 27.24161554100255600019, 	 28.60040873001175754098, 	 29.92725085657627204228
6.22599999999999997868, 	 27.30533325184973847399, 	 28.63105922380744416955, 	 29.91753512970726802678
6.22710000000000007958, 	 27.36866930190052471517, 	 28.66155952024398345657, 	 29.90820847964451445478
6.22820000000000018048, 	 27.43156014248426899371, 	 28.69188471685137642453, 	 29.89926277670295462485
6.22930000000000028137, 	 27.49394329511027734725, 	 28.72201052076808025504, 	 29.89068986088240365007
6.23040000000000038227, 	 27.55575762744665269111, 	 28.75191338554197528765, 	 29.88248152391889789214
6.23150000000000048317, 	 27.61694336275391847835, 	 28.78157039072726419704, 	 29.87462951483119155682
6.23260000000000058407, 	 27.67744200315506120091, 	 28.81095913789913609548, 	 29.86712555450686323866
6.23370000000000068496, 	 27.73719624730204458274, 	 28.84005765560922540658, 	 29.85996133821885933912
6.23479999999999989768, 	 27.79614991891902420207, 	 28.86884431060956401893, 	 29.85312852334753586092
6.23589999999999999858, 	 27.85424790678226969476, 	 28.89729772462144197220, 	 29.84661870967492447448
6.23700000000000009948, 	 27.91143611306527816396, 	 28.92539669628039078475, 	 29.84042341920092766827
6.23810000000000020037, 	 27.96766140710411008286, 	 28.95312012780906485432, 	 29.83453407963505910061
6.23920000000000030127, 	 28.02287197817065234062, 	 28.98044695645451440669, 	 29.82894201078227425228
6.24030000000000040217, 	 28.07701658026944713242, 	 29.00735609163999839666, 	 29.82363841358270306614
6.24140000000000050306, 	 28.13004437596845974667, 	 29.03382636487942747294, 	 29.81861435175273911113
6.24250000000000060396, 	 28.18190556203155594517, 	 29.05983648036491473476, 	 29.81386075091392129366
6.24360000000000070486, 	 28.23255119241352417703, 	 29.08536495352873174625, 	 29.80936837195158872760
6.24469999999999991758, 	 28.28193311542574406303, 	 29.11039005817987401770, 	 29.80512782440499819359
6.24580000000000001847, 	 28.33000423631792941137, 	 29.13488978152898667418, 	 29.80112955291043874695
6.24690000000000011937, 	 28.37671821167502983485, 	 29.15884179268159215326, 	 29.79736380551493013513
6.24800000000000022027, 	 28.42202850082788501140, 	 29.18222341488679205668, 	 29.79382066874678969270
6.24910000000000032117, 	 28.46588974795982807109, 	 29.20501160050418221203, 	 29.79049007475671828615
6.25020000000000042206, 	 28.50825745195426819123, 	 29.22718292755561364515, 	 29.78736223932119742130
6.25130000000000052296, 	 28.54908787726335361867, 	 29.24871360113697704719, 	 29.78442508124402365866
6.25240000000000062386, 	 28.58833804343830564676, 	 29.26957945198322974534, 	 29.78166292605384057879
6.25350000000000072475, 	 28.62596574004721716733, 	 29.28975595086125949251, 	 29.77906620536679582756
6.25459999999999993747, 	 28.66192955664937613847, 	 29.30921823108528556645, 	 29.77662619603921712041
6.25570000000000003837, 	 28.69618897053005568409, 	 29.32794107238422398609, 	 29.77433331824476070437
6.25680000000000013927, 	 28.72870465392118433101, 	 29.34589888389450962336, 	 29.77217706260015006592
6.25790000000000024016, 	 28.75943752602872294233, 	 29.36306572490199684466, 	 29.77014626444761802304
6.25900000000000034106, 	 28.78834961407592629712, 	 29.37941534708173918489, 	 29.76822923287404520920
6.26010000000000044196, 	 28.81540406866507098016, 	 29.39492125057492799556, 	 29.76641391104881861907
6.26120000000000054285, 	 28.84056515491556638153, 	 29.40955674495768690235, 	 29.76468797697736690111
6.26230000000000064375, 	 28.86379829357422366343, 	 29.42329500685346133082, 	 29.76303889726878537658
6.26339999999999985647, 	 28.88507012375581695096, 	 29.43610913535713891065, 	 29.76145395395178283593
6.26449999999999995737, 	 28.90434856559221188377, 	 29.44797220809772397843, 	 29.75992025768041671085
6.26560000000000005826, 	 28.92160287211482838643, 	 29.45885733994049715534, 	 29.75842475520496321906
6.26670000000000015916, 	 28.93680369480967584650, 	 29.46873774540716439674, 	 29.75695423535880479449
6.26780000000000026006, 	 28.94992316585530645057, 	 29.47758680515756779528, 	 29.75549533562587711799
6.26890000000000036096, 	 28.96093500063840053826, 	 29.48537813638404969652, 	 29.75403455014270193146
6.27000000000000046185, 	 28.96981512620036269823, 	 29.49208566676265519391, 	 29.75255823938041643828
6.27110000000000056275, 	 28.97654053513683791721, 	 29.49768371343261463835, 	 29.75105264148271899671
6.27220000000000066365, 	 28.98108987894484656067, 	 29.50214707227793908828, 	 29.74949933792205314376
6.27329999999999987637, 	 28.98344379621449462547, 	 29.50545110156366845899, 	 29.74785987610175297391
6.27439999999999997726, 	 28.98358490247484908764, 	 29.50757179500687144014, 	 29.74614424751874253161
6.27550000000000007816, 	 28.98149784967815989489, 	 29.50848584085451520309, 	 29.74435823648581234124
6.27660000000000017906, 	 28.97716943577550097189, 	 29.50817064703946712712, 	 29.74249563337168922317
6.27770000000000027995, 	 28.97058876671684402027, 	 29.50660444009934835208, 	 29.74054388883811839150
6.27880000000000038085, 	 28.96174715397939536388, 	 29.50376653315241171072, 	 29.73848828947411959689
6.27990000000000048175, 	 28.95063830407737981432, 	 29.49963767826715965725, 	 29.73628028359067698716
6.28100000000000058265, 	 28.93724883776864942320, 	 29.49419910925269050495, 	 29.73389225126772927865
6.28210000000000068354, 	 28.92152687790694898240, 	 29.48743367911867707676, 	 29.73132183371235015557
6.28319999999999989626, 	 28.90347810316255205976, 	 29.47932584862532934267, 	 29.72856265666070640918
6.28429999999999999716, 	 28.88312747250244427732, 	 29.46986132525752211109, 	 29.72560479190900650792
6.28540000000000009805, 	 28.86050536231249097341, 	 29.45902694530718335386, 	 29.72243622615212643723
6.28650000000000019895, 	 28.83565154548831444004, 	 29.44681069014410468299, 	 29.71904375225664551863
6.28760000000000029985, 	 28.80862557695187931017, 	 29.43320187386630593096, 	 29.71541370274108828653
6.28870000000000040075, 	 28.77952166925289034793, 	 29.41819146537127593888, 	 29.71153244254608338792
6.28980000000000050164, 	 28.74848389233962109302, 	 29.40177253021919057119, 	 29.70738658419489297557
6.29090000000000060254, 	 28.71572804926240962686, 	 29.38394080734235913610, 	 29.70296306555837162477
6.29200000000000070344, 	 28.68153399806139347561, 	 29.36469548075615776384, 	 29.69824916662333791351
6.29309999999999991616, 	 28.64627897905565134806, 	 29.34404031937954471232, 	 29.69323251092484383662
6.29420000000000001705, 	 28.61046367633423770371, 	 29.32198535179841059062, 	 29.68790107900520425233
6.29530000000000011795, 	 28.57469938459298219868, 	 29.29854918369359140229, 	 29.68224417940816550754
6.29640000000000021885, 	 28.53969304390645334024, 	 29.27376201761853735661, 	 29.67624468658935299459
6.29750000000000031974, 	 28.50622760581972059413, 	 29.24766941979232015569, 	 29.66989025100302157512
6.29860000000000042064, 	 28.47513253012299827560, 	 29.22033677193836354036, 	 29.66317285416452520508
6.29970000000000052154, 	 28.44726642889798995384, 	 29.19185413668272843779, 	 29.65608562048131346955
6.30080000000000062244, 	 28.42349724628124718606, 	 29.16234120572492827250, 	 29.64862243115512896452
6.30190000000000072333, 	 28.40467316837674616181, 	 29.13195196556742772032, 	 29.64077843022930736083
6.30299999999999993605, 	 28.39161062384667744141, 	 29.10087868620436779565, 	 29.63255080965278409622
6.30410000000000003695, 	 28.38503250514515485747, 	 29.06935477963843794669, 	 29.62393971622310573366
6.30520000000000013785, 	 28.38535720677153761926, 	 29.03765623499813841590, 	 29.61494924423042718331
6.30630000000000023874, 	 28.39453496232673401778, 	 29.00610187057042921310, 	 29.60558849879635090474
6.30740000000000033964, 	 28.40978276639331667752, 	 28.97505190911977379642, 	 29.59587270506711575990
6.30850000000000044054, 	 28.43410332739228607579, 	 28.94490551482989459942, 	 29.58582432194640787770
6.30960000000000054143, 	 28.46804991819804797615, 	 28.91610761024488240878, 	 29.57547410700199463918
6.31070000000000064233, 	 28.51162340842719444822, 	 28.88913402361582072331, 	 29.56486207163891322125
6.31180000000000074323, 	 28.56483942888183946707, 	 28.86447478377847630782, 	 29.55403826089481711392
6.31289999999999995595, 	 28.62771600705862695690, 	 28.84263485747730371145, 	 29.54306328152236105211
6.31400000000000005684, 	 28.70025632501863910306, 	 28.82413510782315668735, 	 29.53200845337408253499
6.31510000000000015774, 	 28.78246186264367523222, 	 28.80950550717750857643, 	 29.52095539462543527520
6.31620000000000025864, 	 28.87425925105371504742, 	 28.79927549570536982060, 	 29.50999597238064708904
6.31730000000000035953, 	 28.97552630762816150423, 	 28.79396378006007495287, 	 29.49923482402531149660
6.31840000000000046043, 	 29.08611693027686229129, 	 28.79407011405515959268, 	 29.48878771077379923327
6.31950000000000056133, 	 29.20584243757230424876, 	 28.80006836922974855497, 	 29.47877870681436718314
6.32060000000000066223, 	 29.33449677215158502008, 	 28.81240061142301200903, 	 29.46933737224757621220
6.32169999999999987494, 	 29.47185961867028325400, 	 28.83147226701213483580, 	 29.46059849252243623141
6.32279999999999997584, 	 29.61768881488424298709, 	 28.85764758849586186784, 	 29.45270137539367993895
6.32390000000000007674, 	 29.77174213821932724500, 	 28.89124389020487981838, 	 29.44578735825642468171
6.32500000000000017764, 	 29.93376213357072401777, 	 28.93243294222750705558, 	 29.43999828193295797973
6.32610000000000027853, 	 30.10347608285965392838, 	 28.98148528923412214908, 	 29.43547403646336846350
6.32720000000000037943, 	 30.28060180201943651923, 	 29.03860592584009125972, 	 29.43234954488502452818
6.32830000000000048033, 	 30.46485082692998247467, 	 29.10396588160665132250, 	 29.43075438037200797226
6.32940000000000058122, 	 30.65592974942696358198, 	 29.17765898163327875636, 	 29.43081417703636404326
6.33050000000000068212, 	 30.85354057603964506029, 	 29.25972376330165758418, 	 29.43263967924589508129
6.33159999999999989484, 	 31.05738435123560847728, 	 29.35015168330545876074, 	 29.43630931504105419094
6.33269999999999999574, 	 31.26716330741814076077, 	 29.44888885299500103088, 	 29.44192045685533543065
6.33380000000000009663, 	 31.48258091364093047559, 	 29.55583718569173967694, 	 29.44931144710578152512
6.33490000000000019753, 	 31.70334081176012830383, 	 29.67085606219214000134, 	 29.45759748770016273056
6.33600000000000029843, 	 31.92914546271008191525, 	 29.79376421777366701349, 	 29.46712348611514187269
6.33710000000000039933, 	 32.15969496637033131492, 	 29.92434107262714348963, 	 29.47861375553303986408
6.33820000000000050022, 	 32.39468602671608010724, 	 30.06232664558724820836, 	 29.49299221945384275045
6.33930000000000060112, 	 32.63381086462283775518, 	 30.20742245172584361512, 	 29.51168893786083557984
6.34040000000000070202, 	 32.87675621645863799358, 	 30.35929639428783488597, 	 29.53375799549229796526
6.34149999999999991473, 	 33.12320003635397824837, 	 30.51759215883358322685, 	 29.55851147448478855040
6.34260000000000001563, 	 33.37281552505646686768, 	 30.68193858006419461049, 	 29.58588877541910378000
6.34370000000000011653, 	 33.62526868723249151572, 	 30.85195445290584004283, 	 29.61480404585324066602
6.34480000000000021743, 	 33.88021517220970935114, 	 31.02724726730632198723, 	 29.64561198136138386872
6.34590000000000031832, 	 34.13729909536661466518, 	 31.20741089415345825842, 	 29.67864087462271172058
6.34700000000000041922, 	 34.39615290200318753477, 	 31.39202235924370043563, 	 29.71397190077690098065
6.34810000000000052012, 	 34.65639774695775088276, 	 31.58064096785669150336, 	 29.75157574145237049379
6.34920000000000062101, 	 34.91764387734722419054, 	 31.77281185140073915818, 	 29.79141324742306551343
6.35030000000000072191, 	 35.17949124529737758849, 	 31.96807064248964636022, 	 29.83342526515615844573
6.35139999999999993463, 	 35.44152871839902019246, 	 32.16594749928014351781, 	 29.87753886546135007052
6.35250000000000003553, 	 35.70333794840048113883, 	 32.36597048724233616213, 	 29.92366802224107047437
6.35360000000000013642, 	 35.96449320694168960699, 	 32.56766811050547971718, 	 29.97159683974858168654
6.35470000000000023732, 	 36.22456210900911344197, 	 32.77057117111019124422, 	 30.02125184029577198430
6.35580000000000033822, 	 36.48310660954948758672, 	 32.97421405234884161928, 	 30.07261677026257729040
6.35690000000000043912, 	 36.73968289563354971961, 	 33.17813564928127334497, 	 30.12566921605339587131
6.35800000000000054001, 	 36.99384586085425752344, 	 33.38188044546902943921, 	 30.18036324218267196784
6.35910000000000064091, 	 37.24514751929611833248, 	 33.58499997086961741388, 	 30.23663349436984759677
6.36020000000000074181, 	 37.49314060789449598587, 	 33.78705443780872741399, 	 30.29440446140696252542
6.36129999999999995453, 	 37.73738210646872914822, 	 33.98761586548896218574, 	 30.35359036065551663341
6.36240000000000005542, 	 37.97743537386033096936, 	 34.18627718349447519586, 	 30.41410147695719246030
6.36350000000000015632, 	 38.21287153327591568086, 	 34.38261936520451200749, 	 30.47584796525037376114
6.36460000000000025722, 	 38.44327134946077961786, 	 34.57624677761017295552, 	 30.53874022751951144983
6.36570000000000035811, 	 38.66822731092864984248, 	 34.76677833061035727269, 	 30.60269016202353498102
6.36680000000000045901, 	 38.88734572053337501529, 	 34.95384695259209451024, 	 30.66760968119372066099
6.36790000000000055991, 	 39.10024871423097181378, 	 35.13710033233984120216, 	 30.73340884198563927043
6.36900000000000066080, 	 39.30657616981003599221, 	 35.31620122461384170265, 	 30.79999640949928263467
6.37009999999999987352, 	 39.50598748073611687914, 	 35.49082781651321027994, 	 30.86728040381469639897
6.37119999999999997442, 	 39.69816317554836615500, 	 35.66067424222854498339, 	 30.93516923655248618275
6.37230000000000007532, 	 39.88280637525466687521, 	 35.82545116922162264927, 	 31.00357082965830102239
6.37340000000000017621, 	 40.05964408928333142512, 	 35.98488630028349888335, 	 31.07235902190112852850
6.37450000000000027711, 	 40.22842818746340043390, 	 36.13872482382020479008, 	 31.14142780526760390103
6.37560000000000037801, 	 40.38893624704085993926, 	 36.28672986138646194831, 	 31.21069479952300795844
6.37670000000000047891, 	 40.54097220220277364433, 	 36.42868285366218117360, 	 31.28008410519394644211
6.37780000000000057980, 	 40.68436676107980076722, 	 36.56438391550419453324, 	 31.34951887339006404432
6.37890000000000068070, 	 40.81897763722254524055, 	 36.69365227033571841275, 	 31.41891913938862757050
6.37999999999999989342, 	 40.94468962666449840526, 	 36.81632674974034813431, 	 31.48820198136217740625
6.38109999999999999432, 	 41.06141452757425014397, 	 36.93226628357088969778, 	 31.55728274981646563901
6.38220000000000009521, 	 41.16909089364864371419, 	 37.04135031946085376831, 	 31.62607639002654735805
6.38330000000000019611, 	 41.26768380592687179842, 	 37.14347913618993146656, 	 31.69449852085742591612
6.38440000000000029701, 	 41.35718386353531883515, 	 37.23857404089491751620, 	 31.76246622300126887239
6.38550000000000039790, 	 41.43760698130473940637, 	 37.32657745611939503760, 	 31.82989860256687819628
6.38660000000000049880, 	 41.50899248455686318948, 	 37.40745290962892255493, 	 31.89671729924698340142
6.38770000000000059970, 	 41.57140170800662559714, 	 37.48118494435026804013, 	 31.96284658979777404397
6.38880000000000070060, 	 41.62491782046974719833, 	 37.54777893921695408608, 	 32.02821358006190166634
6.38989999999999991331, 	 41.66964575617781463279, 	 37.60726083464867031125, 	 32.09274851790457461220
6.39100000000000001421, 	 41.70571059251804513224, 	 37.65967677618829156927, 	 32.15638503182017871040
6.39210000000000011511, 	 41.73325692538721654046, 	 37.70509267994935242996, 	 32.21906036821515328938
6.39320000000000021600, 	 41.75244759772041902579, 	 37.74359374852779325238, 	 32.28071559575546700671
6.39430000000000031690, 	 41.76346199737937325835, 	 37.77528430462551511937, 	 32.34129560395622604574
6.39540000000000041780, 	 41.76649591513493220418, 	 37.80028539132048592819, 	 32.40074937537983856828
6.39650000000000051870, 	 41.76175994489962306488, 	 37.81873585707876372908, 	 32.45903013104933165778
6.39760000000000061959, 	 41.74947649644874303476, 	 37.83079113356233591503, 	 32.51609565845554783436
6.39870000000000072049, 	 41.72987894274268683148, 	 37.83662239023064444154, 	 32.57190803754768637646
6.39979999999999993321, 	 41.70321124155903191877, 	 37.83641552373494221229, 	 32.62643324906568409460
6.40090000000000003411, 	 41.66972748891209477051, 	 37.83037019065363892878, 	 32.67964139166526393865
6.40200000000000013500, 	 41.62969110140419104482, 	 37.81869881036303127075, 	 32.73150692051407162353
6.40310000000000023590, 	 41.58337376164593734984, 	 37.80162549374048808204, 	 32.78200874670252318310
6.40420000000000033680, 	 41.53105434455711275632, 	 37.77938491859642766713, 	 32.83113023661655205387
6.40530000000000043769, 	 41.47301789044853137511, 	 37.75222117359167128825, 	 32.87885915061669805937
6.40640000000000053859, 	 41.40955462602732239930, 	 37.72038658699392499329, 	 32.92518755588808687662
6.40750000000000063949, 	 41.34095907069102082687, 	 37.68414055142474694549, 	 32.97011195983304077117
6.40860000000000074039, 	 41.26752921293111597834, 	 37.64374835087241422116, 	 33.01363242341670201085
6.40969999999999995310, 	 41.18956567223185771809, 	 37.59947999602839985300, 	 33.05575290166336088760
6.41080000000000005400, 	 41.10737060222229644069, 	 37.55160908181221657287, 	 33.09648120243917190919
6.41190000000000015490, 	 41.02123398894514849644, 	 37.50041162366622415902, 	 33.13582870176699657350
6.41300000000000025580, 	 40.93145746143947150131, 	 37.44616311218504733915, 	 33.17381011972631910112
6.41410000000000035669, 	 40.83831481481270486711, 	 37.38913503606119093092, 	 33.21044331517561687406
6.41520000000000045759, 	 40.74208344327733044565, 	 37.32960133891857168464, 	 33.24574908210549040177
6.41630000000000055849, 	 40.64306548145106745551, 	 37.26785235782689653661, 	 33.27975092636888376774
6.41740000000000065938, 	 40.54160487577969718131, 	 37.20416440713232475446, 	 33.31247480812955785723
6.41849999999999987210, 	 40.43804098561828652691, 	 37.13884608440637435933, 	 33.34394889616091717244
6.41959999999999997300, 	 40.33268470096462010588, 	 37.07211476181316811562, 	 33.37420339551015757706
6.42070000000000007390, 	 40.22582393091904151561, 	 37.00422185851108736188, 	 33.40327044013074697659
6.42180000000000017479, 	 40.11773171062318965596, 	 36.93541969569497496195, 	 33.43118399028205800505
6.42290000000000027569, 	 40.00867312980488321728, 	 36.86595357232146596971, 	 33.45797968490134621788
6.42400000000000037659, 	 39.89890716768379519408, 	 36.79606228152358227135, 	 33.48369463785588351357
6.42510000000000047748, 	 39.78868690657565565516, 	 36.72597799495650860990, 	 33.50836719751553260949
6.42620000000000057838, 	 39.67825872611304305337, 	 36.65592470866446461741, 	 33.53203669850073964653
6.42730000000000067928, 	 39.56786286280889441969, 	 36.58611706771736038490, 	 33.55474323254151158835
6.42839999999999989200, 	 39.45773305028333055589, 	 36.51676122858864914633, 	 33.57652744705781344692
6.42949999999999999289, 	 39.34809484521331057749, 	 36.44805340633745771584, 	 33.59743037032086476756
6.43060000000000009379, 	 39.23916406186474858941, 	 36.38018183632293300889, 	 33.61749327081621885327
6.43170000000000019469, 	 39.13114752318914213447, 	 36.31332026667892165506, 	 33.63675753949549118715
6.43280000000000029559, 	 39.02424272420733331046, 	 36.24763226147569383784, 	 33.65526468352305755616
6.43390000000000039648, 	 38.91863936808879032014, 	 36.18327229069454631372, 	 33.67305640890961626610
6.43500000000000049738, 	 38.81451801074017993187, 	 36.12038300808154644983, 	 33.69017446683835004251
6.43610000000000059828, 	 38.71204912710428658329, 	 36.05909609361452794474, 	 33.70665979585055538337
6.43720000000000069917, 	 38.61139273210356037680, 	 35.99953257146715657200, 	 33.72255223992773665032
6.43829999999999991189, 	 38.51269769684682842126, 	 35.94180301642457209255, 	 33.73789074928068032477
6.43940000000000001279, 	 38.41610377292833788943, 	 35.88600701116946822822, 	 33.75271421302592500524
6.44050000000000011369, 	 38.32173992306793763873, 	 35.83223145784089069821, 	 33.76706064201293600036
6.44160000000000021458, 	 38.22972419271820854192, 	 35.78054772841663577765, 	 33.78094550917978011739
6.44270000000000031548, 	 38.14016386641476685782, 	 35.73101027854033873155, 	 33.79439696853795283005
6.44380000000000041638, 	 38.05315561062808171755, 	 35.68367629992054901322, 	 33.80745586843691086187
6.44490000000000051728, 	 37.96878563842250287053, 	 35.63863391555289439339, 	 33.82016588000429635485
6.44600000000000061817, 	 37.88712984918438309023, 	 35.59585088763399340905, 	 33.83256808180990304891
6.44710000000000071907, 	 37.80825396424108220117, 	 35.55540852182416955429, 	 33.84469968145492657641
6.44819999999999993179, 	 37.73221367983799012791, 	 35.51733034526404253484, 	 33.85659431703144406356
6.44930000000000003268, 	 37.65905465385160511005, 	 35.48162702318019512404, 	 33.86828309457828112272
6.45040000000000013358, 	 37.58881207706560445558, 	 35.44830118162263943304, 	 33.87979438995336067819
6.45150000000000023448, 	 37.52150461432005101869, 	 35.41734777725156391170, 	 33.89115457038283096836
6.45260000000000033538, 	 37.45715320191503394653, 	 35.38875469696655784446, 	 33.90238876783591592812
6.45370000000000043627, 	 37.39578157604486818855, 	 35.36250316033543583671, 	 33.91352085194036902749
6.45480000000000053717, 	 37.33739951041749804972, 	 35.33856805564076353221, 	 33.92457341707250861873
6.45590000000000063807, 	 37.28200018773856072585, 	 35.31691826486125052043, 	 33.93556777287813730482
6.45700000000000073896, 	 37.22955670780545744947, 	 35.29751701277487541120, 	 33.94652393835511361431
6.45809999999999995168, 	 37.18004378398302378628, 	 35.28032227359562966740, 	 33.95746063961354366256
6.45920000000000005258, 	 37.13342517551385668639, 	 35.26528721107722219585, 	 33.96839531189039007586
6.46030000000000015348, 	 37.08965088781458518952, 	 35.25236053939789826472, 	 33.97934410635090785036
6.46140000000000025437, 	 37.04867973876605447003, 	 35.24148655017680908941, 	 33.99032190222957439119
6.46250000000000035527, 	 37.01046534223031869715, 	 35.23260538163413713164, 	 34.00134232477389417681
6.46360000000000045617, 	 36.97495290007260138054, 	 35.22565364546979083116, 	 34.01241188325239761525
6.46470000000000055707, 	 36.94208144020620210313, 	 35.22056493302661550615, 	 34.02352002092034410907
6.46580000000000065796, 	 36.91178547451581692940, 	 35.21727020157130993994, 	 34.03468422507528146070
6.46689999999999987068, 	 36.88399555020457398768, 	 35.21569809303311870963, 	 34.04592618779010848584
6.46799999999999997158, 	 36.85863827890199928561, 	 35.21577519388460331129, 	 34.05726268636176712334
6.46910000000000007248, 	 36.83563621350688066514, 	 35.21742630122082573507, 	 34.06870499318434752922
6.47020000000000017337, 	 36.81490787083242821609, 	 35.22057475786498059733, 	 34.08026026951263531828
6.47130000000000027427, 	 36.79636796373907969837, 	 35.22514282275539443390, 	 34.09193299213544747772
6.47240000000000037517, 	 36.77992776511150196939, 	 35.23105202099286259454, 	 34.10372594399894552453
6.47350000000000047606, 	 36.76549551538167293074, 	 35.23822344585261845396, 	 34.11564078556460799518
6.47460000000000057696, 	 36.75297682028747914273, 	 35.24657801116775601713, 	 34.12767833975255626910
6.47570000000000067786, 	 36.74227501786764804592, 	 35.25603666443323191970, 	 34.13983871433391215078
6.47679999999999989058, 	 36.73329151207397558210, 	 35.26652057281476970729, 	 34.15212134640035657185
6.47789999999999999147, 	 36.72592607767685990439, 	 35.27795129160861620221, 	 34.16452501742688241393
6.47900000000000009237, 	 36.72007714236568887145, 	 35.29025092106638084033, 	 34.17704786266580896381
6.48010000000000019327, 	 36.71564205065856612009, 	 35.30334225441141882129, 	 34.18968738423613018540
6.48120000000000029416, 	 36.71251731225898140565, 	 35.31714891776478282281, 	 34.20244047030733725023
6.48230000000000039506, 	 36.71059883562529080336, 	 35.33159550327932407754, 	 34.21530344724100558551
6.48340000000000049596, 	 36.70978214614240897617, 	 35.34660770957729170050, 	 34.22827212865394130858
6.48450000000000059686, 	 36.70996258760182229253, 	 35.36211246166185162565, 	 34.24134173265186831259
6.48560000000000069775, 	 36.71103550413056382240, 	 35.37803798326026338827, 	 34.25450691757136922888
6.48669999999999991047, 	 36.71289608827294870252, 	 35.39431386048590155724, 	 34.26776187112047722394
6.48780000000000001137, 	 36.71544016111851505002, 	 35.41087111205545312487, 	 34.28110032343772672903
6.48890000000000011227, 	 36.71856410026081363185, 	 35.42764225696541302568, 	 34.29451559861038134613
6.49000000000000021316, 	 36.72216489041377940339, 	 35.44456137225903802346, 	 34.30800065427035150378
6.49110000000000031406, 	 36.72614019479648561628, 	 35.46156413508092697384, 	 34.32154813128605752581
6.49220000000000041496, 	 36.73038836492462877459, 	 35.47858785604846332262, 	 34.33515024815869054464
6.49330000000000051585, 	 36.73480853084332409253, 	 35.49557149054543714328, 	 34.34879891937712415029
6.49440000000000061675, 	 36.73930067830786327931, 	 35.51245566887145344026, 	 34.36248579479690334892
6.49550000000000071765, 	 36.74376558589808894340, 	 35.52918267020545783907, 	 34.37620227129154670820
6.49659999999999993037, 	 36.74810508221089122571, 	 35.54569644404766393109, 	 34.38993952340453574834
6.49770000000000003126, 	 36.75222249712408029154, 	 35.56194222360317525045, 	 34.40368845899810423816
6.49880000000000013216, 	 36.75602164784267245068, 	 35.57786775648533250660, 	 34.41743978508484502754
6.49990000000000023306, 	 36.75940750768172904372, 	 35.59342195346458481708, 	 34.43118418286926640803
6.50100000000000033396, 	 36.76228578366830390678, 	 35.60855498468515634158, 	 34.44491193663336758846
6.50210000000000043485, 	 36.76456449342807530911, 	 35.62321843635699991637, 	 34.45861298496281932557
6.50320000000000053575, 	 36.76615338707318869638, 	 35.63736525655111364586, 	 34.47227709020100405723
6.50430000000000063665, 	 36.76696343069595940278, 	 35.65094962695416569431, 	 34.48589387943414408255
6.50540000000000073754, 	 36.76690679338599210269, 	 35.66392696123641314898, 	 34.49945284678663171007
6.50649999999999995026, 	 36.76589695314539341098, 	 35.67625383307289865797, 	 34.51294334704683564041
6.50760000000000005116, 	 36.76384871888180327915, 	 35.68788791303391860765, 	 34.52635458892786601837
6.50870000000000015206, 	 36.76067816793739240211, 	 35.69878789870526247796, 	 34.53967563111786631680
6.50980000000000025295, 	 36.75630265553015618707, 	 35.70891344480280338303, 	 34.55289538805656235354
6.51090000000000035385, 	 36.75064082923325514685, 	 35.71822509863063288549, 	 34.56600261394117978853
6.51200000000000045475, 	 36.74361262811126493943, 	 35.72668423190184228133, 	 34.57898590051598119999
6.51310000000000055564, 	 36.73513929826069812634, 	 35.73425295007933044644, 	 34.59183370019850656263
6.51420000000000065654, 	 36.72514334044023343040, 	 35.74089402332198517342, 	 34.60453431501279908389
6.51529999999999986926, 	 36.71354843182087535070, 	 35.74657083063770812714, 	 34.61707588234840216046
6.51639999999999997016, 	 36.70027941651154179681, 	 35.75124729025610292865, 	 34.62944633992008647283
6.51750000000000007105, 	 36.68526229481020095591, 	 35.75488777813448137977, 	 34.64163341557060959985
6.51860000000000017195, 	 36.66842420085380638284, 	 35.75745706777359345097, 	 34.65362465569342020899
6.51970000000000027285, 	 36.64969340132107333829, 	 35.75892027555154584206, 	 34.66540744084164060723
6.52080000000000037375, 	 36.62899916487822338240, 	 35.75924280733060811599, 	 34.67696898725739629299
6.52190000000000047464, 	 36.60627183455475375240, 	 35.75839030722095657211, 	 34.68829634132313088912
6.52300000000000057554, 	 36.58144287459107601990, 	 35.75632860803572299346, 	 34.69937637193739732311
6.52410000000000067644, 	 36.55444483900264174281, 	 35.75302368426818588887, 	 34.71019576320090749277
6.52519999999999988916, 	 36.52521140657215426018, 	 35.74844160886107147235, 	 34.72074100808320196165
6.52629999999999999005, 	 36.49367748062435623524, 	 35.74254851449483538772, 	 34.73099840304293906001
6.52740000000000009095, 	 36.45977923873447679171, 	 35.73531055991733751398, 	 34.74095404341740334075
6.52850000000000019185, 	 36.42345425114266532773, 	 35.72669390191999383433, 	 34.75059381942610059468
6.52960000000000029274, 	 36.38464194002131790739, 	 35.71666467380336484894, 	 34.75990341269989158945
6.53070000000000039364, 	 36.34328024701750337044, 	 35.70518897116611611864, 	 34.76886829330652517456
6.53180000000000049454, 	 36.29930791890421915014, 	 35.69223284650789196348, 	 34.77747371729168435195
6.53290000000000059543, 	 36.25267019733691142847, 	 35.67776232085978449504, 	 34.78570472479486852535
6.53400000000000069633, 	 36.20331638837170373790, 	 35.66174340649208573950, 	 34.79354613883695890308
6.53509999999999990905, 	 36.15097578951216661380, 	 35.64414210932186932723, 	 34.80098256492465225165
6.53620000000000000995, 	 36.09551392055686847016, 	 35.62492443554370424863, 	 34.80799839170606446714
6.53730000000000011084, 	 36.03700291103741903953, 	 35.60405638236617420489, 	 34.81457779293698706624
6.53840000000000021174, 	 35.97570264939936635074, 	 35.58150356924246437984, 	 34.82070473080734984705
6.53950000000000031264, 	 35.91188364464597526649, 	 35.55723054615489786556, 	 34.82636296043572343706
6.54060000000000041354, 	 35.84578493700814760814, 	 35.53120093461466666440, 	 34.83153603466926995225
6.54170000000000051443, 	 35.77650759956888038005, 	 35.50337855637371120565, 	 34.83620730540360455052
6.54280000000000061533, 	 35.70392009335549943216, 	 35.47372902231727920253, 	 34.84035991511345287108
6.54390000000000071623, 	 35.62791487527243816658, 	 35.44222129745238447640, 	 34.84397677866794396095
6.54499999999999992895, 	 35.54856808090955411217, 	 35.40882672715689238885, 	 34.84704056885551892719
6.54610000000000002984, 	 35.46587962977162078460, 	 35.37351630648906564147, 	 34.84953372786574732345
6.54720000000000013074, 	 35.37981702275152429138, 	 35.33625887411867694254, 	 34.85143852171983525068
6.54830000000000023164, 	 35.29035397377070637503, 	 35.29702093435451359937, 	 34.85273712730499795498
6.54940000000000033253, 	 35.19746801140275493935, 	 35.25576737287302364621, 	 34.85341171169077512104
6.55050000000000043343, 	 35.10113577234721304876, 	 35.21246208134337507545, 	 34.85344449124266930085
6.55160000000000053433, 	 35.00134306995329325218, 	 35.16706822244340457928, 	 34.85281865538263446069
6.55270000000000063523, 	 34.89807764263928646642, 	 35.11954799994710896271, 	 34.85151644544311011487
6.55380000000000073612, 	 34.79133036111919352606, 	 35.06986001860656898543, 	 34.84951914136198070082
6.55489999999999994884, 	 34.68110015777361354594, 	 35.01802000587753127547, 	 34.84680599829457037231
6.55600000000000004974, 	 34.56738300193832458262, 	 34.96402628077352403579, 	 34.84306327582806517285
6.55710000000000015064, 	 34.45017144832475253224, 	 34.90780308956441757573, 	 34.83839207080789179827
6.55820000000000025153, 	 34.32945957576023943147, 	 34.84931442783425836751, 	 34.83370220255766724904
6.55930000000000035243, 	 34.20524288410430102658, 	 34.78853178983963800874, 	 34.82903683335380407016
6.56040000000000045333, 	 34.07751874314394058274, 	 34.72547635927285369917, 	 34.82383726161717163450
6.56150000000000055422, 	 33.94628696217265684254, 	 34.66007322044258387450, 	 34.81744612668599359040
6.56260000000000065512, 	 33.81155010433045760010, 	 34.59236255583670072156, 	 34.80997790908904931939
6.56370000000000075602, 	 33.67331384437891728112, 	 34.52230062925099929316, 	 34.80144717514637164868
6.56479999999999996874, 	 33.53158712392075813113, 	 34.44987225664674923564, 	 34.79190292401038675507
6.56590000000000006963, 	 33.38638227709277828126, 	 34.37507102315404239334, 	 34.78136930801817072734
6.56700000000000017053, 	 33.23771538832497185467, 	 34.29789162687883674607, 	 34.76986191398982839473
6.56810000000000027143, 	 33.08560708130524119497, 	 34.21832809567992939037, 	 34.75738594457389751824
6.56920000000000037232, 	 32.93008424041178017205, 	 34.13637456781142276441, 	 34.74393552829197773235
6.57030000000000047322, 	 32.77118346881157151529, 	 34.05202659213478710853, 	 34.72950059320308469069
6.57140000000000057412, 	 32.60895716755678108711, 	 33.96528172742722517796, 	 34.71407082196535043295
6.57250000000000067502, 	 32.44348307606637149547, 	 33.87613974903125324545, 	 34.69763635669381329762
6.57359999999999988773, 	 32.27487758298963171910, 	 33.78460327274652996721, 	 34.68018732585343855135
6.57469999999999998863, 	 32.10331207433261369033, 	 33.69067821218456515453, 	 34.66171339279190277693
6.57580000000000008953, 	 31.92902880567165624370, 	 33.59437413092937418924, 	 34.64220363911171318705
6.57690000000000019043, 	 31.75235572550364437916, 	 33.49570505075316617649, 	 34.62164670862441795407
6.57800000000000029132, 	 31.57371848936141489617, 	 33.39469054523418378722, 	 34.60003106468025180220
6.57910000000000039222, 	 31.39364451069410577588, 	 33.29135739127609383559, 	 34.57734527012448211281
6.58020000000000049312, 	 31.21276222939169286974, 	 33.18574192343802309324, 	 34.55357826234764218043
6.58130000000000059401, 	 31.03179070103561087990, 	 33.07789304676936836813, 	 34.52871959593489492590
6.58240000000000069491, 	 30.85152232361501489777, 	 32.96787601318909821657, 	 34.50275961160961202268
6.58349999999999990763, 	 30.67280130390082959480, 	 32.85577674317476493115, 	 34.47568954186728262812
6.58460000000000000853, 	 30.49649942355677367800, 	 32.74170650993722375688, 	 34.44750171889514689383
6.58570000000000010942, 	 30.32348690061285267916, 	 32.62580664547228792571, 	 34.41819014717338376386
6.58680000000000021032, 	 30.15461350235842630241, 	 32.50825296848662304683, 	 34.38775129303280664317
6.58790000000000031122, 	 29.99068473483773189514, 	 32.38925953225948717318, 	 34.35618475666544924252
6.58900000000000041211, 	 29.83244632398056594980, 	 32.26908138546662030421, 	 34.32349380277417338903
6.59010000000000051301, 	 29.68057104850977978572, 	 32.14801594871661905017, 	 34.28968534484207708601
6.59120000000000061391, 	 29.53565011943771523306, 	 32.02640286249008738650, 	 34.25477067895827332222
6.59230000000000071481, 	 29.39818917076864224214, 	 31.90462226853124505510, 	 34.21876649803622427726
6.59339999999999992752, 	 29.26860839499128985608, 	 31.78309170614982548386, 	 34.18169725040309003816
6.59450000000000002842, 	 29.14724495745937460356, 	 31.66226160722177951357, 	 34.14359696460276438756
6.59560000000000012932, 	 29.03435652715723591655, 	 31.54260974558680530322, 	 34.10451134198458333913
6.59670000000000023022, 	 28.93012391424356977154, 	 31.42464591812065677345, 	 34.06449764470521301973
6.59780000000000033111, 	 28.83465720477112270714, 	 31.30890109422943368145, 	 34.02362445006753688403
6.59890000000000043201, 	 28.74800176538774820756, 	 31.19590632218145032084, 	 33.98197037390796992895
6.60000000000000053291, 	 28.67015532513284981064, 	 31.08619185952987962196, 	 33.93962276779249265246
6.60110000000000063380, 	 28.60107459971573717894, 	 30.98028123675231526590, 	 33.89667677372882792497
6.60220000000000073470, 	 28.54067966053390392744, 	 30.87868431678910141613, 	 33.85323610857727061330
6.60329999999999994742, 	 28.48885856006766559290, 	 30.78189081571351692901, 	 33.80941317693814340828
6.60440000000000004832, 	 28.44547233937377228585, 	 30.69036445101216514786, 	 33.76532925575848054223
6.60550000000000014921, 	 28.41035988245447896361, 	 30.60453783567780661201, 	 33.72111390414617915212
6.60660000000000025011, 	 28.38334210570190307976, 	 30.52480817606804208708, 	 33.67690454209351713644
6.60770000000000035101, 	 28.36422521587825329448, 	 30.45153372805552649538, 	 33.63284389733056656269
6.60880000000000045191, 	 28.35280356602171636382, 	 30.38503095398669984206, 	 33.58907690857303407483
6.60990000000000055280, 	 28.34886283956946328999, 	 30.32557253749890335826, 	 33.54574745884587372302
6.61100000000000065370, 	 28.35223829499810221932, 	 30.27338940721757865049, 	 33.50299519699613881585
6.61210000000000075460, 	 28.36277642418639288735, 	 30.22866352868359030026, 	 33.46095471859710812623
6.61319999999999996732, 	 28.38016816833629007988, 	 30.19153323290793977662, 	 33.41975566565505317840
6.61430000000000006821, 	 28.40397989612468876430, 	 30.16209516161502079967, 	 33.37952082273374543320
6.61540000000000016911, 	 28.43372933700594273887, 	 30.14038547477844787181, 	 33.34036472614576496198
6.61650000000000027001, 	 28.46921610765019039491, 	 30.12639167547951402071, 	 33.30239251765303976072
6.61760000000000037090, 	 28.51032909233309808883, 	 30.12007113615988629363, 	 33.26569970083073712885
6.61870000000000047180, 	 28.55693230701952600725, 	 30.12133661200460466034, 	 33.23037247869574883907
6.61980000000000057270, 	 28.60885584248876156721, 	 30.13005998403696850119, 	 33.19648734474807838524
6.62090000000000067359, 	 28.66590212674683257887, 	 30.14607424866106555328, 	 33.16411063242068735235
6.62199999999999988631, 	 28.72750910811175373283, 	 30.16917645744984000089, 	 33.13329802798868684022
6.62309999999999998721, 	 28.79367524343964745981, 	 30.19913104407497428383, 	 33.10409263868820062271
6.62420000000000008811, 	 28.86429897642103981070, 	 30.23567297565330491693, 	 33.07652602662707863601
6.62530000000000018900, 	 28.93917822884036183950, 	 30.27851032993042323938, 	 33.05061924301853792940
6.62640000000000028990, 	 29.01807184503003256282, 	 30.32732684447182691656, 	 33.02638364880196775175
6.62750000000000039080, 	 29.10071685371420713295, 	 30.38178517202866046887, 	 33.00382132133235302263
6.62860000000000049170, 	 29.18683541979768492070, 	 30.44153033911520367383, 	 32.98292619490023724893
6.62970000000000059259, 	 29.27613983137479891639, 	 30.50619285942724090432, 	 32.96368493035777191835
6.63080000000000069349, 	 29.36832981726427149738, 	 30.57539139490527446696, 	 32.94607709238816539710
6.63189999999999990621, 	 29.46309106633392360663, 	 30.64873506670294744936, 	 32.93007562027510459757
6.63300000000000000711, 	 29.56009812458528074330, 	 30.72582552387472887290, 	 32.91564717400731154839
6.63410000000000010800, 	 29.65901414864273633043, 	 30.80625879054386118128, 	 32.90275280740452501504
6.63520000000000020890, 	 29.75949234783353247735, 	 30.88962699456127936060, 	 32.89134878938327233300
6.63630000000000030980, 	 29.86117567640679126839, 	 30.97552003728754854706, 	 32.88138733301576621670
6.63740000000000041069, 	 29.96369735874149142774, 	 31.06352717573263433337, 	 32.87281645852488054516
6.63850000000000051159, 	 30.06668173840398949892, 	 31.15323851027711299366, 	 32.86558158529734896547
6.63960000000000061249, 	 30.16974558870985489989, 	 31.24424637243863145386, 	 32.85962602664423570786
6.64070000000000071338, 	 30.27249967671163943805, 	 31.33614662198498734824, 	 32.85489097058913188221
6.64179999999999992610, 	 30.37455225108340428619, 	 31.42853984891421958991, 	 32.85131556431647226191
6.64290000000000002700, 	 30.47550841481470129679, 	 31.52103245796667607692, 	 32.84883715883294286186
6.64400000000000012790, 	 30.57497238440344133892, 	 31.61323765575505362335, 	 32.84739160055467266375
6.64510000000000022879, 	 30.67254896490524274100, 	 31.70477644123202765059, 	 32.84691348520206588546
6.64620000000000032969, 	 30.76756395090495743716, 	 31.79527853190922925819, 	 32.84733634595622220331
6.64730000000000043059, 	 30.85973308886099175652, 	 31.88438124694816622196, 	 32.84859570198049283363
6.64840000000000053149, 	 30.94877383610133136926, 	 31.97172888527407863535, 	 32.85059560503864872771
6.64950000000000063238, 	 31.03436560670740718137, 	 32.05698653487862515021, 	 32.85326812671447527237
6.65060000000000073328, 	 31.11617584185122353801, 	 32.13982519491770517561, 	 32.85655353988119742326
6.65169999999999994600, 	 31.19387415094712423524, 	 32.21992718924455090246, 	 32.86038862737930088542
6.65280000000000004690, 	 31.26714075365469014400, 	 32.29698700390596144416, 	 32.86444064320388491751
6.65390000000000014779, 	 31.33567351242331611161, 	 32.37071237661173483957, 	 32.86817451435751991085
6.65500000000000024869, 	 31.39918714349894912630, 	 32.44082525466929212143, 	 32.87197503697229450381
6.65610000000000034959, 	 31.45741333390343896781, 	 32.50706188139755425937, 	 32.87606389747820401226
6.65720000000000045048, 	 31.51010739040169639225, 	 32.56917176759758092430, 	 32.88050070494838195145
6.65830000000000055138, 	 31.55705011980648677650, 	 32.62691811007430686686, 	 32.88512589656477302924
6.65940000000000065228, 	 31.59804516212716407608, 	 32.68008015527959742030, 	 32.89007628306232078330
6.66050000000000075318, 	 31.63291763611323759164, 	 32.72845589307974734083, 	 32.89514187439756653930
6.66159999999999996589, 	 31.66151825504599770511, 	 32.77186358713258584885, 	 32.90016053596726663955
6.66270000000000006679, 	 31.68372103826402153004, 	 32.81014170733534740521, 	 32.90559516041194854097
6.66380000000000016769, 	 31.69929863566354910631, 	 32.84314818901623311831, 	 32.91125456965110629426
6.66490000000000026859, 	 31.70811545463273617429, 	 32.87076005412206569645, 	 32.91671341174009057795
6.66600000000000036948, 	 31.71017164349433770099, 	 32.89287619533920548065, 	 32.92176964081345147406
6.66710000000000047038, 	 31.70548902705144911351, 	 32.90941824261157933051, 	 32.92636682273554527001
6.66820000000000057128, 	 31.69409941844300249159, 	 32.92032799415176924640, 	 32.93037444019210369106
6.66930000000000067217, 	 31.67604311433817088073, 	 32.92556477666039427277, 	 32.93370329070153701423
6.67039999999999988489, 	 31.65138117938652229100, 	 32.92510435567186277694, 	 32.93628929119803672165
6.67149999999999998579, 	 31.62015822104902440515, 	 32.91893774055841959125, 	 32.93807946061944136318
6.67260000000000008669, 	 31.58238565907041461855, 	 32.90706981998063440642, 	 32.93902574944503669485
6.67370000000000018758, 	 31.53815403775157477639, 	 32.88952525616950595122, 	 32.93908299961172758685
6.67480000000000028848, 	 31.48760658916633659032, 	 32.86634522491343801676, 	 32.93820773443591320984
6.67590000000000038938, 	 31.43091230303377159316, 	 32.83758854152022621520, 	 32.93635498370087333342
6.67700000000000049027, 	 31.36826864693556160546, 	 32.80333086999688418928, 	 32.93348393035709165133
6.67810000000000059117, 	 31.29987277450878835339, 	 32.76366495500884212788, 	 32.92959245119251932010
6.67920000000000069207, 	 31.22590392892334421049, 	 32.71870059910582995144, 	 32.92546287393132331545
6.68029999999999990479, 	 31.14656861935756282378, 	 32.66856427055562051009, 	 32.92078406513976318593
6.68140000000000000568, 	 31.06207877057740063265, 	 32.61339892635736958937, 	 32.91521719514812360785
6.68250000000000010658, 	 30.97266274391250107101, 	 32.55336513663063868762, 	 32.90814089564170785707
6.68360000000000020748, 	 30.87856480391492652871, 	 32.48864043795256151270, 	 32.89953803545280663911
6.68470000000000030838, 	 30.78002726697193125460, 	 32.41941044778823766137, 	 32.88946358276498926898
6.68580000000000040927, 	 30.67729849034733646818, 	 32.34588786185840803000, 	 32.87802204503116598744
6.68690000000000051017, 	 30.57063525322028851861, 	 32.26834253395531959541, 	 32.86528673086538532289
6.68800000000000061107, 	 30.46030143148401236886, 	 32.18694460628398701374, 	 32.85129146715618020380
6.68910000000000071196, 	 30.34656584223762720853, 	 32.10193055469784439993, 	 32.83604872505468108557
6.69019999999999992468, 	 30.22970123328911284943, 	 32.01353648341137869693, 	 32.81956782488630608441
6.69130000000000002558, 	 30.10998387843622481341, 	 31.92200447876949098713, 	 32.80186157740202901323
6.69240000000000012648, 	 29.98769286066448458428, 	 31.82758232972792100668, 	 32.78294676194860102214
6.69350000000000022737, 	 29.86310626390613620629, 	 31.73052302474325969683, 	 32.76284316382227501663
6.69460000000000032827, 	 29.73650268596771795160, 	 31.63108384633437708544, 	 32.74157280677565040605
6.69570000000000042917, 	 29.60816108531163237672, 	 31.52952534944123996752, 	 32.71915960223019936848
6.69680000000000053006, 	 29.47836017941010666732, 	 31.42611026335592683267, 	 32.69562927685419140289
6.69790000000000063096, 	 29.34737754693563260844, 	 31.32110235881118498469, 	 32.67100943453552019946
6.69900000000000073186, 	 29.21548876102703573565, 	 31.21476530670592097749, 	 32.64532957014576197707
6.70009999999999994458, 	 29.08296662893192063848, 	 31.10736155288831028543, 	 32.61862103505012555615
6.70120000000000004547, 	 28.95008057238177912041, 	 30.99915122945505885355, 	 32.59091728346398042504
6.70230000000000014637, 	 28.81709714610910211263, 	 30.89039113142914061427, 	 32.56225429101446877667
6.70340000000000024727, 	 28.68427688214817194989, 	 30.78133373434252106904, 	 32.53266984425112440249
6.70450000000000034817, 	 28.55187532633379632330, 	 30.67222629833936053956, 	 32.50220264822178251052
6.70560000000000044906, 	 28.42014230591199464016, 	 30.56331003788073275018, 	 32.47089155577992869439
6.70670000000000054996, 	 28.28932251240993878127, 	 30.45481940836586076671, 	 32.43877684865682908821
6.70780000000000065086, 	 28.15965374045793367941, 	 30.34698142822566424570, 	 32.40590117186193452881
6.70890000000000075175, 	 28.03136854119410870112, 	 30.24001479619961330059, 	 32.37230988185304170202
6.70999999999999996447, 	 27.90469301100989341080, 	 30.13412476300448972211, 	 32.33805045867164551510
6.71110000000000006537, 	 27.77984351426876941105, 	 30.02951713808769795833, 	 32.30317091276146612699
6.71220000000000016627, 	 27.65702755359478359765, 	 29.92638425748139496818, 	 32.26771863244424309869
6.71330000000000026716, 	 27.53644424415945834994, 	 29.82490863436114381102, 	 32.23173951941640780205
6.71440000000000036806, 	 27.41828410969829121768, 	 29.72526274348288310989, 	 32.19527818118292117333
6.71550000000000046896, 	 27.30272876310864660354, 	 29.62760880050209877368, 	 32.15837915533744251206
6.71660000000000056986, 	 27.18995059554816862146, 	 29.53209861254981305478, 	 32.12108709308505183344
6.71770000000000067075, 	 27.08011249997041502979, 	 29.43887347319655845013, 	 32.08344697854883520449
6.71879999999999988347, 	 26.97336763146188687301, 	 29.34806409487681122528, 	 32.04550486486042615297
6.71989999999999998437, 	 26.86985920480207568062, 	 29.25979053449601607895, 	 32.00730669481617240990
6.72100000000000008527, 	 26.76972033265081307718, 	 29.17416218516566672747, 	 31.96889744812300193644
6.72210000000000018616, 	 26.67307390599312100221, 	 29.09127784825457396778, 	 31.93032121891347685505
6.72320000000000028706, 	 26.58003251533532207418, 	 29.01122584734088505343, 	 31.89162125351561982711
6.72430000000000038796, 	 26.49069840824497035214, 	 28.93408416908705049764, 	 31.85284012146738774618
6.72540000000000048885, 	 26.40516342275595818023, 	 28.85992064137023760395, 	 31.81401960206772372430
6.72650000000000058975, 	 26.32350910481126504692, 	 28.78879313606268652848, 	 31.77520016608637476452
6.72760000000000069065, 	 26.24580683524034085963, 	 28.72074978964332103715, 	 31.73642051190649837622
6.72869999999999990337, 	 26.17211784590356415947, 	 28.65582925772086753113, 	 31.69771830356946651364
6.72980000000000000426, 	 26.10249326142901438175, 	 28.59406098825160569277, 	 31.65912996900945586276
6.73090000000000010516, 	 26.03697428200901242690, 	 28.53546551498886074683, 	 31.62069060048431623500
6.73200000000000020606, 	 25.97559250547464770875, 	 28.48005477240964111729, 	 31.58243394895870892469
6.73310000000000030695, 	 25.91837000371673838117, 	 28.42783243203313503500, 	 31.54439238411614709889
6.73420000000000040785, 	 25.86532009301351209274, 	 28.37879427259923303950, 	 31.50659687375678785770
6.73530000000000050875, 	 25.81644748522086985076, 	 28.33292863721540300048, 	 31.46907697288327199203
6.73640000000000060965, 	 25.77174817207130885777, 	 28.29021717502542188072, 	 31.43186081357087502397
6.73750000000000071054, 	 25.73120950010881458070, 	 28.25063765512184232875, 	 31.39497508394128644227
6.73859999999999992326, 	 25.69481040976722852065, 	 28.21413804300830463490, 	 31.35844510229242843025
6.73970000000000002416, 	 25.66252179616484241365, 	 28.18069259275075211235, 	 31.32229479821391038286
6.74080000000000012506, 	 25.63430758810857312824, 	 28.15025555094620557384, 	 31.28654665161907288962
6.74190000000000022595, 	 25.61013576448399575725, 	 28.12277965583240302294, 	 31.25122173867474373310
6.74300000000000032685, 	 25.58995475343539638402, 	 28.09821116786817185584, 	 31.21633974521774135269
6.74410000000000042775, 	 25.57372950954079726671, 	 28.07649178705969816860, 	 31.18191897118231281638
6.74520000000000052864, 	 25.56143053602421488790, 	 28.05755906791526399502, 	 31.14797634176948903928
6.74630000000000062954, 	 25.55298338672175262332, 	 28.04134686235857643055, 	 31.11452743556293754068
6.74740000000000073044, 	 25.54826843953435755452, 	 28.02778552051597316108, 	 31.08158680239689530822
6.74849999999999994316, 	 25.54717234001207515348, 	 28.01680230100058466292, 	 31.04916782443030953687
6.74960000000000004405, 	 25.54959829700902318450, 	 28.00832208346948348776, 	 31.01728215290616930133
6.75070000000000014495, 	 25.55545937880586748747, 	 28.00226755707526749006, 	 30.98594008680669986688
6.75180000000000024585, 	 25.56467038581643791417, 	 27.99855938648860842477, 	 30.95515070377149768888
6.75290000000000034674, 	 25.57714494770974766880, 	 27.99711636025894279101, 	 30.92492179801176988008
6.75400000000000044764, 	 25.59279374638270354581, 	 27.99785558083283021347, 	 30.89526002422936556968
6.75510000000000054854, 	 25.61152826011539573869, 	 28.00069275348033670525, 	 30.86617108391055808170
6.75620000000000064944, 	 25.63323251675697989072, 	 28.00554256154402210655, 	 30.83765984642285928885
6.75730000000000075033, 	 25.65777843948498215809, 	 28.01231906755980105572, 	 30.80973032378422260535
6.75839999999999996305, 	 25.68506362997424119499, 	 28.02093609997778500542, 	 30.78238568695060450864
6.75950000000000006395, 	 25.71499485599671075420, 	 28.03130758375053233067, 	 30.75562817658426695289
6.76060000000000016485, 	 25.74747892422698924975, 	 28.04334777527713029599, 	 30.72945907113750152462
6.76170000000000026574, 	 25.78241973051143176576, 	 28.05697146664424224127, 	 30.70387873560945735107
6.76280000000000036664, 	 25.81971804630630984434, 	 28.07209422944553622870, 	 30.67888666693385957274
6.76390000000000046754, 	 25.85927249550612572193, 	 28.08863269744461987898, 	 30.65448157927971095660
6.76500000000000056843, 	 25.90098055465702131528, 	 28.10650485009377419487, 	 30.63066142389840962323
6.76610000000000066933, 	 25.94473750032937786614, 	 28.12563025127990812280, 	 30.60742331493715795432
6.76719999999999988205, 	 25.99043906151111826830, 	 28.14593025278576732262, 	 30.58476373216095112184
6.76829999999999998295, 	 26.03798022192292549448, 	 28.16732819465790527147, 	 30.56267864478424201025
6.76940000000000008384, 	 26.08725673582654636107, 	 28.18974955630474710233, 	 30.54116354468792593480
6.77050000000000018474, 	 26.13816518710815373083, 	 28.21312201262242780331, 	 30.52021344734140484434
6.77160000000000028564, 	 26.19060309598147284760, 	 28.23737545407306370748, 	 30.49982291002900680610
6.77270000000000038654, 	 26.24446906929298251043, 	 28.26244200956517005352, 	 30.47998607578107765903
6.77380000000000048743, 	 26.29966294947632832191, 	 28.28825606831814809539, 	 30.46069673161192170596
6.77490000000000058833, 	 26.35607393654694519114, 	 28.31475429542142308037, 	 30.44194836814691385030
6.77600000000000068923, 	 26.41356375552238233695, 	 28.34187563889521044302, 	 30.42373423278102961831
6.77709999999999990195, 	 26.47204713747296267456, 	 28.36956132342469771856, 	 30.40604737356049724895
6.77820000000000000284, 	 26.53144607762975581977, 	 28.39775479961373960691, 	 30.38888067404183246367
6.77930000000000010374, 	 26.59168001416836091266, 	 28.42640162007311133152, 	 30.37222688064657916129
6.78040000000000020464, 	 26.65266600911056471546, 	 28.45544933124435971195, 	 30.35607862415917779231
6.78150000000000030553, 	 26.71432062572640475651, 	 28.48484746567838143960, 	 30.34042843641107722874
6.78260000000000040643, 	 26.77655910587907683862, 	 28.51454759676067851615, 	 30.32526877011786226035
6.78370000000000050733, 	 26.83929779489767497580, 	 28.54450339243950551804, 	 30.31059199987819852140
6.78480000000000060822, 	 26.90245419063105458690, 	 28.57467065755161783613, 	 30.29639038688307906000
6.78590000000000070912, 	 26.96594738286786707704, 	 28.60500733892269664693, 	 30.28265614666266714039
6.78699999999999992184, 	 27.02969815408857812145, 	 28.63547348285748839203, 	 30.26938145095277477026
6.78810000000000002274, 	 27.09362897705421602268, 	 28.66603115224942044392, 	 30.25655840356640169375
6.78920000000000012363, 	 27.15766400135501967839, 	 28.69664432157286526603, 	 30.24417903212840386118
6.79030000000000022453, 	 27.22172901808760414610, 	 28.72727876139260416721, 	 30.23223529831660982836
6.79140000000000032543, 	 27.28575148287609763997, 	 28.75790191826043340484, 	 30.22071911646600383961
6.79250000000000042633, 	 27.34966062897272109922, 	 28.78848279270872367874, 	 30.20962237214374823679
6.79360000000000052722, 	 27.41338713348515199186, 	 28.81899181354423689072, 	 30.19893693659606270785
6.79470000000000062812, 	 27.47686321696061995112, 	 28.84940066431675376180, 	 30.18865467594375218141
6.79580000000000072902, 	 27.54002283086026992009, 	 28.87968132741888993564, 	 30.17876745543273031558
6.79689999999999994174, 	 27.60280162520535540693, 	 28.90980851336962231812, 	 30.16926713941607474112
6.79800000000000004263, 	 27.66513628704175786766, 	 28.93975736648363650261, 	 30.16014558489413133202
6.79910000000000014353, 	 27.72696459146260394846, 	 28.96950379935553954169, 	 30.15139462182524709988
6.80020000000000024443, 	 27.78822566729505894045, 	 28.99902448496905549291, 	 30.14300603786276866458
6.80130000000000034532, 	 27.84886000837377650896, 	 29.02829674124240710853, 	 30.13497158738985959303
6.80240000000000044622, 	 27.90880939580099351360, 	 29.05729842539506080357, 	 30.12728300589337493420
6.80350000000000054712, 	 27.96801681400756933726, 	 29.08600783787267474167, 	 30.11993201013917698106
6.80460000000000064801, 	 28.02642637767893063483, 	 29.11440363171414347221, 	 30.11291028400431812884
6.80570000000000074891, 	 28.08398327027375174225, 	 29.14246472758684802784, 	 30.10620945796526015670
6.80679999999999996163, 	 28.14063369110322909705, 	 29.17017023401263031701, 	 30.09982108913876075462
6.80790000000000006253, 	 28.19632480799702989316, 	 29.19749937241777715258, 	 30.09373664548453319867
6.80900000000000016342, 	 28.25100471366057419687, 	 29.22443140724837107314, 	 30.08794749186196426649
6.81010000000000026432, 	 28.30462273839869880021, 	 29.25094558033865510538, 	 30.08244487726082994072
6.81120000000000036522, 	 28.35712879902813909894, 	 29.27702105251769992833, 	 30.07721991905529179689
6.81230000000000046612, 	 28.40847318233622686989, 	 29.30263685353274638601, 	 30.07226359807634707977
6.81340000000000056701, 	 28.45860716703293746832, 	 29.32777183770956241915, 	 30.06756673469130802800
6.81450000000000066791, 	 28.50748285655205549460, 	 29.35240462761052171459, 	 30.06312000451546495583
6.81560000000000076881, 	 28.55505312186331678959, 	 29.37651356118368184411, 	 30.05891391232882270401
6.81669999999999998153, 	 28.60127177760439209919, 	 29.40007665574810857834, 	 30.05493877251196721545
6.81780000000000008242, 	 28.64609355102475518606, 	 29.42307158127406907511, 	 30.05118476885966671830
6.81890000000000018332, 	 28.68947290477332501268, 	 29.44547563348675112138, 	 30.04764189854450151529
6.82000000000000028422, 	 28.73136543853429003548, 	 29.46726571479423029132, 	 30.04429994558336147747
6.82110000000000038511, 	 28.77172761527453204167, 	 29.48841833647178134470, 	 30.04114934668807279650
6.82220000000000048601, 	 28.81051667088914314263, 	 29.50890962247155258069, 	 30.03817561486127019066
6.82330000000000058691, 	 28.84769060805686180515, 	 29.52871531454024989216, 	 30.03536517540955230743
6.82440000000000068781, 	 28.88320822253244202216, 	 29.54781079926844356009, 	 30.03270895403684193070
6.82549999999999990052, 	 28.91702926057010714089, 	 29.56617112306200922944, 	 30.03019789059102251372
6.82660000000000000142, 	 28.94911446134745602876, 	 29.58377097253038456870, 	 30.02782202682636736313
6.82770000000000010232, 	 28.97942488033874397502, 	 29.60058467270157223084, 	 30.02557058333993822430
6.82880000000000020322, 	 29.00792273253908248876, 	 29.61658621556295400978, 	 30.02343212222295676384
6.82990000000000030411, 	 29.03457131538754865119, 	 29.63174931433834657923, 	 30.02139475257879652759
6.83100000000000040501, 	 29.05933501974691424152, 	 29.64604746640792853896, 	 30.01944626749560640633
6.83210000000000050591, 	 29.08217937573833822285, 	 29.65945401401566883237, 	 30.01757422203195702082
6.83320000000000060680, 	 29.10307111874404739638, 	 29.67194220253245973140, 	 30.01576597414083735771
6.83430000000000070770, 	 29.12197824858144201698, 	 29.68348523843749120488, 	 30.01400870518379448981
6.83539999999999992042, 	 29.13887008263366595884, 	 29.69405634904518009876, 	 30.01228943068101173708
6.83650000000000002132, 	 29.15371732257985826209, 	 29.70362884532804415016, 	 30.01059500742024255260
6.83760000000000012221, 	 29.16649214040596760356, 	 29.71217618845279062612, 	 30.00891214011422292174
6.83870000000000022311, 	 29.17716874679493699318, 	 29.71967206009653494903, 	 30.00722738907767705996
6.83980000000000032401, 	 29.18572252012862477955, 	 29.72609043755867119785, 	 30.00552717947690339884
6.83990000000000009095, 	 29.18639405475416737090, 	 29.72661960734252772909, 	 30.00537137589877545452
