0.00000000000000000000,	 2.00000000000000000000,	 1.50000000000000000000,	 7.06858347057703451100, 320961.18530716805253177881,	 1.50000000000000000000,	 0.00000000000000000000,	 7.06858347057703451100,	 0.00000000000000000000,	 0.00000000000000000000,	 0.00000000000000000000,	 0.00000000000000000000,	 0.00000000000000000000,	 0.00000000000000000000,	 -0.00000000000000000000,	 0.00000000000000000000,	 0.00000000000000000000,	 0.00000000000000000000,	 0.04000000000000000083,	 0.00000000000000000000,	 0.00000000000000000000,	 0.00000000000000000000
5.70020000000000059970,	 2.00000000000000000000,	 1.50000000000000000000,	 7.06858347057703451100, 320961.18530716805253177881,	 1.85656264849720065158,	 0.35656264849720065158,	 10.82851968287519461853,	 6.67990435295236206770,	 0.61688065853694884488,	 201747.86835230272845365107,	 201748.05862317615537904203,	 0.00000000000000000000,	 0.00000000000000000000,	 -1.32908126539394610965,	 0.00000000000000000000,	 0.00000000000000000000,	 -0.06645406326969729993,	 0.04999999999999999584,	 0.00084888257986326778,	 0.00000000000000000000,	 0.00000000000000000000
5.70130000000000070060,	 2.00000000000000000000,	 1.50000000000000000000,	 7.06858347057703451100, 320961.18530716805253177881,	 1.85626384390089294030,	 0.35626384390089294030,	 10.82503436975934363318,	 7.16551704879957984673,	 0.66193942707628372624,	 201696.71743371465709060431,	 201696.93651561721344478428,	 0.00000000000000000000,	 0.00000000000000000000,	 -1.42639082100577740952,	 0.00000000000000000000,	 0.00000000000000000000,	 -0.07131954105028887048,	 0.05000000000000000278,	 0.00091096075793587947,	 0.00000000000000000000,	 0.00000000000000000000
5.70239999999999991331,	 2.00000000000000000000,	 1.50000000000000000000,	 7.06858347057703451100, 320961.18530716805253177881,	 1.85601331706038719105,	 0.35601331706038719105,	 10.82211260983737943775,	 8.78582695498340981999,	 0.81184028218270698485,	 201759.98409396022907458246,	 201760.31363628210965543985,	 0.00000000000000000000,	 0.00000000000000000000,	 -1.74964322663056193186,	 0.00000000000000000000,	 0.00000000000000000000,	 -0.08748216133152809937,	 0.05000000000000000278,	 0.00111732965255760910,	 0.00000000000000000000,	 0.00000000000000000000
5.70350000000000001421,	 2.00000000000000000000,	 1.50000000000000000000,	 7.06858347057703451100, 320961.18530716805253177881,	 1.85582613547986552405,	 0.35582613547986552405,	 10.81992986903815712196,	 11.59494232887034215196,	 1.07162823319677213973,	 201894.61283521377481520176,	 201895.18702874885639175773,	 0.00000000000000000000,	 0.00000000000000000000,	 -2.30975997742305416693,	 0.00000000000000000000,	 0.00000000000000000000,	 -0.11548799887115271390,	 0.05000000000000000278,	 0.00147494822583359945,	 0.00000000000000000000,	 0.00000000000000000000
5.70460000000000011511,	 2.00000000000000000000,	 1.50000000000000000000,	 7.06858347057703451100, 320961.18530716805253177881,	 1.85570735201813152848,	 0.35570735201813152848,	 10.81854483886748496957,	 15.27843895742667790216,	 1.41224528667998439069,	 202033.30176752884290181100,	 202034.29898590370430611074,	 0.00000000000000000000,	 0.00000000000000000000,	 -3.04411206895123864768,	 0.00000000000000000000,	 0.00000000000000000000,	 -0.15220560344756192683,	 0.04999999999999999584,	 0.00194382275520786694,	 0.00000000000000000000,	 0.00000000000000000000
5.70570000000000021600,	 2.00000000000000000000,	 1.50000000000000000000,	 7.06858347057703451100, 320961.18530716805253177881,	 1.85564421248508870654,	 0.35564421248508870654,	 10.81780866002130103709,	 19.61395900624382093724,	 1.81311757516380400723,	 202178.94288712833076715469,	 202180.58658479902078397572,	 0.00000000000000000000,	 0.00000000000000000000,	 -3.90833019167110107261,	 0.00000000000000000000,	 0.00000000000000000000,	 -0.19541650958355508139,	 0.05000000000000000971,	 0.00249562819779252385,	 0.00000000000000000000,	 0.00000000000000000000
5.70680000000000031690,	 2.00000000000000000000,	 1.50000000000000000000,	 7.06858347057703451100, 320961.18530716805253177881,	 1.85562678963521321407,	 0.35562678963521321407,	 10.81760552175785505824,	 24.34272021914020811550,	 2.25028729048945086433,	 202284.43440577312139794230,	 202286.96630221800296567380,	 0.00000000000000000000,	 0.00000000000000000000,	 -4.85073249224176539229,	 0.00000000000000000000,	 0.00000000000000000000,	 -0.24253662461208827517,	 0.05000000000000000278,	 0.00309737595424321990,	 0.00000000000000000000,	 0.00000000000000000000
5.70790000000000041780,	 2.00000000000000000000,	 1.50000000000000000000,	 7.06858347057703451100, 320961.18530716805253177881,	 1.85562815533762748288,	 0.35562815533762748288,	 10.81762144482546261770,	 29.14101234836957132757,	 2.69384656294374025265,	 202355.22556456245365552604,	 202358.85396921480423770845,	 0.00000000000000000000,	 0.00000000000000000000,	 -5.80686718984084571105,	 0.00000000000000000000,	 0.00000000000000000000,	 -0.29034335949204231886,	 0.05000000000000000278,	 0.00370790544536122625,	 0.00000000000000000000,	 0.00000000000000000000
5.70900000000000051870,	 2.00000000000000000000,	 1.50000000000000000000,	 7.06858347057703451100, 320961.18530716805253177881,	 1.85565754378456260199,	 0.35565754378456260199,	 10.81796409495215982588,	 33.79068158583049807930,	 3.12357124586850742887,	 202483.74170138084446080029,	 202488.62005004484672099352,	 0.00000000000000000000,	 0.00000000000000000000,	 -6.73307692215249975476,	 0.00000000000000000000,	 0.00000000000000000000,	 -0.33665384610762499884,	 0.05000000000000000278,	 0.00429935961383698644,	 0.00000000000000000000,	 0.00000000000000000000
5.71010000000000061959,	 2.00000000000000000000,	 1.50000000000000000000,	 7.06858347057703451100, 320961.18530716805253177881,	 1.85571923076212463855,	 0.35571923076212463855,	 10.81868334253369035025,	 38.19761535424744636202,	 3.53070832603754958257,	 202628.68173233652487397194,	 202634.91468297829851508141,	 0.00000000000000000000,	 0.00000000000000000000,	 -7.61043646583869204392,	 0.00000000000000000000,	 0.00000000000000000000,	 -0.38052182329193462440,	 0.05000000000000000278,	 0.00485967224324465163,	 0.00000000000000000000,	 0.00000000000000000000
5.71119999999999983231,	 2.00000000000000000000,	 1.50000000000000000000,	 7.06858347057703451100, 320961.18530716805253177881,	 1.85581220588895967616,	 0.35581220588895967616,	 10.81976744365983655882,	 42.35791510870802767386,	 3.91486372782706171236,	 202797.39208920573582872748,	 202805.05516820945194922388,	 0.00000000000000000000,	 0.00000000000000000000,	 -8.43806009121874112111,	 0.00000000000000000000,	 0.00000000000000000000,	 -0.42190300456093704495,	 0.04999999999999999584,	 0.00538828933511279178,	 0.00000000000000000000,	 0.00000000000000000000
5.71229999999999993321,	 2.00000000000000000000,	 1.50000000000000000000,	 7.06858347057703451100, 320961.18530716805253177881,	 1.85593612057029599960,	 0.35593612057029599960,	 10.82121238813387797961,	 46.36297168535757151631,	 4.28445261237062613446,	 202956.89044849318452179432,	 202966.06871558699640445411,	 0.00000000000000000000,	 0.00000000000000000000,	 -9.23405189410094529023,	 0.00000000000000000000,	 0.00000000000000000000,	 -0.46170259470504732002,	 0.05000000000000000278,	 0.00589678242378991174,	 0.00000000000000000000,	 0.00000000000000000000
5.71340000000000003411,	 2.00000000000000000000,	 1.50000000000000000000,	 7.06858347057703451100, 320961.18530716805253177881,	 1.85608108354981915511,	 0.35608108354981915511,	 10.82290289508106084782,	 50.28852075242819807954,	 4.64649098674663374453,	 203103.62276643438963219523,	 203114.41770567934145219624,	 0.00000000000000000000,	 0.00000000000000000000,	 -10.01355173096222550555,	 0.00000000000000000000,	 0.00000000000000000000,	 -0.50067758654811123087,	 0.04999999999999999584,	 0.00639481373092569156,	 0.00000000000000000000,	 0.00000000000000000000
5.71450000000000013500,	 2.00000000000000000000,	 1.50000000000000000000,	 7.06858347057703451100, 320961.18530716805253177881,	 1.85624314234795262379,	 0.35624314234795262379,	 10.82479292372435430991,	 54.19257329208100770757,	 5.00633810493583375489,	 203252.94585894609917886555,	 203265.47756955656222999096,	 0.00000000000000000000,	 0.00000000000000000000,	 -10.78810849876776600809,	 0.00000000000000000000,	 0.00000000000000000000,	 -0.53940542493838838922,	 0.05000000000000000971,	 0.00688975878851167713,	 0.00000000000000000000,	 0.00000000000000000000
5.71560000000000023590,	 2.00000000000000000000,	 1.50000000000000000000,	 7.06858347057703451100, 320961.18530716805253177881,	 1.85642151595783300166,	 0.35642151595783300166,	 10.82687341643325673601,	 58.11077756494428570022,	 5.36727227980171317512,	 203411.52358738274779170752,	 203425.92739324551075696945,	 0.00000000000000000000,	 0.00000000000000000000,	 -11.56477068093542825977,	 0.00000000000000000000,	 0.00000000000000000000,	 -0.57823853404677139078,	 0.04999999999999999584,	 0.00738612414405089186,	 0.00000000000000000000,	 0.00000000000000000000
5.71670000000000033680,	 2.00000000000000000000,	 1.50000000000000000000,	 7.06858347057703451100, 320961.18530716805253177881,	 1.85661666920949097737,	 0.35661666920949097737,	 10.82914985052097200935,	 62.05734334490318815369,	 5.73058312069785547038,	 203582.11312188868760131299,	 203598.53291334031382575631,	 0.00000000000000000000,	 0.00000000000000000000,	 -12.34629251311810982372,	 0.00000000000000000000,	 0.00000000000000000000,	 -0.61731462565590544678,	 0.04999999999999999584,	 0.00788567666195984576,	 0.00000000000000000000,	 0.00000000000000000000
5.71780000000000043769,	 2.00000000000000000000,	 1.50000000000000000000,	 7.06858347057703451100, 320961.18530716805253177881,	 1.85682937172867856823,	 0.35682937172867856823,	 10.83163126678248033841,	 66.03205940949101204751,	 6.09622482367845019979,	 203765.26891282247379422188,	 203783.85089137288741767406,	 0.00000000000000000000,	 0.00000000000000000000,	 -13.13254716129993227014,	 0.00000000000000000000,	 0.00000000000000000000,	 -0.65662735806499661351,	 0.05000000000000000278,	 0.00838834431309302790,	 0.00000000000000000000,	 0.00000000000000000000
5.71890000000000053859,	 2.00000000000000000000,	 1.50000000000000000000,	 7.06858347057703451100, 320961.18530716805253177881,	 1.85706052402207988372,	 0.35706052402207988372,	 10.83432824291833007635,	 70.02360640505919775478,	 6.46312395517727722449,	 203963.03952059030416421592,	 203983.92550622028647921979,	 0.00000000000000000000,	 0.00000000000000000000,	 -13.92119184393460606941,	 0.00000000000000000000,	 0.00000000000000000000,	 -0.69605959219673030347,	 0.05000000000000000278,	 0.00889264034945762456,	 0.00000000000000000000,	 0.00000000000000000000
5.72000000000000063949,	 2.00000000000000000000,	 1.50000000000000000000,	 7.06858347057703451100, 320961.18530716805253177881,	 1.85731118831734032248,	 0.35731118831734032248,	 10.83725325532925687355,	 74.01932750199506472200,	 6.83008191818307874854,	 204173.94349275823333300650,	 204197.26850226277019828558,	 0.00000000000000000000,	 0.00000000000000000000,	 -14.70961239267803577491,	 0.00000000000000000000,	 0.00000000000000000000,	 -0.73548061963390187756,	 0.05000000000000000278,	 0.00939690523482211715,	 0.00000000000000000000,	 0.00000000000000000000
5.72109999999999985221,	 2.00000000000000000000,	 1.50000000000000000000,	 7.06858347057703451100, 320961.18530716805253177881,	 1.85758147313538968248,	 0.35758147313538968248,	 10.84040766281283119099,	 78.01011420280923402970,	 7.19623436952623229956,	 204395.63003347333869896829,	 204421.52292802391457371414,	 0.00000000000000000000,	 0.00000000000000000000,	 -15.49592192557733483227,	 0.00000000000000000000,	 0.00000000000000000000,	 -0.77479609627886680823,	 0.05000000000000000278,	 0.00989994167012001047,	 0.00000000000000000000,	 0.00000000000000000000
5.72219999999999995310,	 2.00000000000000000000,	 1.50000000000000000000,	 7.06858347057703451100, 320961.18530716805253177881,	 1.85787120200180799756,	 0.35787120200180799756,	 10.84378950528308571677,	 81.98830494072750241230,	 7.56085360203486622765,	 204627.61921177961630746722,	 204656.20246537533239461482,	 0.00000000000000000000,	 0.00000000000000000000,	 -16.27853124347531377225,	 0.00000000000000000000,	 0.00000000000000000000,	 -0.81392656217376568861,	 0.05000000000000000278,	 0.01040074143002314537,	 0.00000000000000000000,	 0.00000000000000000000
5.72330000000000005400,	 2.00000000000000000000,	 1.50000000000000000000,	 7.06858347057703451100, 320961.18530716805253177881,	 1.85818015550038295736,	 0.35818015550038295736,	 10.84739632718092039454,	 85.94923666821546248684,	 7.92349003169062005014,	 204869.72465393249876797199,	 204901.11550107365474104881,	 0.00000000000000000000,	 0.00000000000000000000,	 -17.05645172936835862743,	 0.00000000000000000000,	 0.00000000000000000000,	 -0.85282258646841802019,	 0.05000000000000000278,	 0.01089867944302665495,	 0.00000000000000000000,	 0.00000000000000000000
5.72440000000000015490,	 2.00000000000000000000,	 1.50000000000000000000,	 7.06858347057703451100, 320961.18530716805253177881,	 1.85850808508546894160,	 0.35850808508546894160,	 10.85122533810873513005,	 89.89224440338304589204,	 8.28406392849366568498,	 205121.62819861632306128740,	 205155.94105620202026329935,	 0.00000000000000000000,	 0.00000000000000000000,	 -17.82949236535110060231,	 0.00000000000000000000,	 0.00000000000000000000,	 -0.89147461826755503012,	 0.05000000000000000278,	 0.01139363982352287717,	 0.00000000000000000000,	 0.00000000000000000000
5.72550000000000025580,	 2.00000000000000000000,	 1.50000000000000000000,	 7.06858347057703451100, 320961.18530716805253177881,	 1.85885465236215319251,	 0.35885465236215319251,	 10.85527270307062863708,	 93.82087441306735797752,	 8.64288507340108225208,	 205382.70554820931283757091,	 205420.05527940532192587852,	 0.00000000000000000000,	 0.00000000000000000000,	 -18.59830205103572353664,	 0.00000000000000000000,	 0.00000000000000000000,	 -0.92991510255178622124,	 0.05000000000000000278,	 0.01188604291102656439,	 0.00000000000000000000,	 0.00000000000000000000
5.72660000000000035669,	 2.00000000000000000000,	 1.50000000000000000000,	 7.06858347057703451100, 320961.18530716805253177881,	 1.85921936213100669200,	 0.35921936213100669200,	 10.85953275898866365878,	 97.74191267168427543766,	 9.00056336132705503417,	 205652.05529772260342724621,	 205692.56036813324317336082,	 0.00000000000000000000,	 0.00000000000000000000,	 -19.36417734163602588637,	 0.00000000000000000000,	 0.00000000000000000000,	 -0.96820886708180131652,	 0.05000000000000000278,	 0.01237672236250404213,	 0.00000000000000000000,	 0.00000000000000000000
5.72770000000000045759,	 2.00000000000000000000,	 1.50000000000000000000,	 7.06858347057703451100, 320961.18530716805253177881,	 1.85960153487788404369,	 0.35960153487788404369,	 10.86399769099059930966,	 101.66341524655562977841,	 9.35782739818363928919,	 205928.66091049753595143557,	 205972.44537730462616309524,	 0.00000000000000000000,	 0.00000000000000000000,	 -20.12867213254509834996,	 0.00000000000000000000,	 0.00000000000000000000,	 -1.00643360662725500632,	 0.05000000000000000278,	 0.01286667569238212142,	 0.00000000000000000000,	 0.00000000000000000000
5.72880000000000055849,	 2.00000000000000000000,	 1.50000000000000000000,	 7.06858347057703451100, 320961.18530716805253177881,	 1.86000033110297824379,	 0.36000033110297824379,	 10.86865781386893736737,	 105.59245031836435657624,	 9.71531647482941629335,	 206211.57012994823162443936,	 206258.76381705128005705774,	 0.00000000000000000000,	 0.00000000000000000000,	 -20.89314999007176609780,	 0.00000000000000000000,	 0.00000000000000000000,	 -1.04465749950358843812,	 0.05000000000000000971,	 0.01335677817885014620,	 0.00000000000000000000,	 0.00000000000000000000
5.72990000000000065938,	 2.00000000000000000000,	 1.50000000000000000000,	 7.06858347057703451100, 320961.18530716805253177881,	 1.86041480996506880530,	 0.36041480996506880530,	 10.87350225477733012269,	 109.53336715948046276026,	 10.07342111060458123006,	 206500.00260852585779502988,	 206550.73951496163499541581,	 0.00000000000000000000,	 0.00000000000000000000,	 -21.65844102432987838824,	 0.00000000000000000000,	 0.00000000000000000000,	 -1.08292205121649387500,	 0.04999999999999999584,	 0.01384756357368642499,	 0.00000000000000000000,	 0.00000000000000000000
5.73099999999999987210,	 2.00000000000000000000,	 1.50000000000000000000,	 7.06858347057703451100, 320961.18530716805253177881,	 1.86084399358047902773,	 0.36084399358047902773,	 10.87851970279420044108,	 113.48708692406107445549,	 10.43221780394545383785,	 206793.36426995773217640817,	 206847.77985411221743561327,	 0.00000000000000000000,	 0.00000000000000000000,	 -22.42470156538519887590,	 0.00000000000000000000,	 0.00000000000000000000,	 -1.12123507826925994380,	 0.05000000000000000278,	 0.01433913439582054118,	 0.00000000000000000000,	 0.00000000000000000000
5.73209999999999997300,	 2.00000000000000000000,	 1.50000000000000000000,	 7.06858347057703451100, 320961.18530716805253177881,	 1.86128691540774915403,	 0.36128691540774915403,	 10.88369897335758906820,	 117.45143730621903443989,	 10.79149998486090211713,	 207091.19970809551887214184,	 207149.42794405715540051460,	 0.00000000000000000000,	 0.00000000000000000000,	 -23.19148089534992607241,	 0.00000000000000000000,	 0.00000000000000000000,	 -1.15957404476749625921,	 0.04999999999999999584,	 0.01483120453921220674,	 0.00000000000000000000,	 0.00000000000000000000
5.73320000000000007390,	 2.00000000000000000000,	 1.50000000000000000000,	 7.06858347057703451100, 320961.18530716805253177881,	 1.86174264574102754644,	 0.36174264574102754644,	 10.88902930576745831104,	 121.42218615308389928487,	 11.15087330041179214390,	 207393.12980668025556951761,	 207455.30079436118830926716,	 0.00000000000000000000,	 0.00000000000000000000,	 -23.95792635662255065654,	 0.00000000000000000000,	 0.00000000000000000000,	 -1.19789631783112771046,	 0.05000000000000000971,	 0.01532323033499724541,	 0.00000000000000000000,	 0.00000000000000000000
5.73430000000000017479,	 2.00000000000000000000,	 1.50000000000000000000,	 7.06858347057703451100, 320961.18530716805253177881,	 1.86221029928777825901,	 0.36221029928777825901,	 10.89450045158562652148,	 125.39429098134567652778,	 11.50987064882771448993,	 207698.80838132326607592404,	 207765.04694249964086338878,	 0.00000000000000000000,	 0.00000000000000000000,	 -24.72303080533876240565,	 0.00000000000000000000,	 0.00000000000000000000,	 -1.23615154026693807587,	 0.04999999999999999584,	 0.01581456872444593140,	 0.00000000000000000000,	 0.00000000000000000000
5.73540000000000027569,	 2.00000000000000000000,	 1.50000000000000000000,	 7.06858347057703451100, 320961.18530716805253177881,	 1.86268903441039612723,	 0.36268903441039612723,	 10.90010266570670083297,	 129.36295918909141278164,	 11.86804960985238999172,	 208007.90717551269335672259,	 208078.33247628365643322468,	 0.00000000000000000000,	 0.00000000000000000000,	 -25.48584200713680303352,	 0.00000000000000000000,	 0.00000000000000000000,	 -1.27429210035684015168,	 0.05000000000000000278,	 0.01630461116598697080,	 0.00000000000000000000,	 0.00000000000000000000
5.73650000000000037659,	 2.00000000000000000000,	 1.50000000000000000000,	 7.06858347057703451100, 320961.18530716805253177881,	 1.86317805176525519428,	 0.36317805176525519428,	 10.90582669045781116779,	 133.32430066662217882367,	 12.22505220840121431536,	 208320.12087311211507767439,	 208394.84682386118220165372,	 0.00000000000000000000,	 0.00000000000000000000,	 -26.24559085336728259108,	 0.00000000000000000000,	 0.00000000000000000000,	 -1.31227954266836421837,	 0.05000000000000000278,	 0.01679286570116897068,	 0.00000000000000000000,	 0.00000000000000000000
5.73760000000000047748,	 2.00000000000000000000,	 1.50000000000000000000,	 7.06858347057703451100, 320961.18530716805253177881,	 1.86367659557595932718,	 0.36367659557595932718,	 10.91166377060666015097,	 137.27554815060258874837,	 12.58062482830429296143,	 208635.17740729058277793229,	 208714.31346782585023902357,	 0.00000000000000000000,	 0.00000000000000000000,	 -27.00173379473345036672,	 0.00000000000000000000,	 0.00000000000000000000,	 -1.35008668973667256274,	 0.05000000000000000278,	 0.01727898420744039543,	 0.00000000000000000000,	 0.00000000000000000000
5.73870000000000057838,	 2.00000000000000000000,	 1.50000000000000000000,	 7.06858347057703451100, 320961.18530716805253177881,	 1.86418395672849435130,	 0.36418395672849435130,	 10.91760568981307422121,	 141.21495115033479805788,	 12.93460811486338002396,	 208952.84236283207428641617,	 209036.49440637460793368518,	 0.00000000000000000000,	 0.00000000000000000000,	 -27.75393076027253513871,	 0.00000000000000000000,	 0.00000000000000000000,	 -1.38769653801362680134,	 0.05000000000000000278,	 0.01776274839914883732,	 0.00000000000000000000,	 0.00000000000000000000
5.73980000000000067928,	 2.00000000000000000000,	 1.50000000000000000000,	 7.06858347057703451100, 320961.18530716805253177881,	 1.86469947523083989793,	 0.36469947523083989793,	 10.92364479976756364010,	 145.14149388555625819208,	 13.28691078353670107504,	 209272.91436752531444653869,	 209361.18536661015241406858,	 0.00000000000000000000,	 0.00000000000000000000,	 -28.50198857248426520528,	 0.00000000000000000000,	 0.00000000000000000000,	 -1.42509942862421334908,	 0.05000000000000000278,	 0.01824403373645577461,	 0.00000000000000000000,	 0.00000000000000000000
5.74089999999999989200,	 2.00000000000000000000,	 1.50000000000000000000,	 7.06858347057703451100, 320961.18530716805253177881,	 1.86522254009438093192,	 0.36522254009438093192,	 10.92977401923151248297,	 149.05457162398698756078,	 13.63747972846626410615,	 209595.21440814356901682913,	 209688.20483481572591699660,	 0.00000000000000000000,	 0.00000000000000000000,	 -29.24579654238191395166,	 0.00000000000000000000,	 0.00000000000000000000,	 -1.46228982711909583081,	 0.05000000000000000278,	 0.01872276829106951299,	 0.00000000000000000000,	 0.00000000000000000000
5.74199999999999999289,	 2.00000000000000000000,	 1.50000000000000000000,	 7.06858347057703451100, 320961.18530716805253177881,	 1.86575258615219086167,	 0.36575258615219086167,	 10.93598679722958877392,	 152.95371453697956098949,	 13.98627461544917771619,	 209919.57410181980230845511,	 210017.38204062919248826802,	 0.00000000000000000000,	 0.00000000000000000000,	 -29.98527182919484346257,	 0.00000000000000000000,	 0.00000000000000000000,	 -1.49926359145974230636,	 0.05000000000000000278,	 0.01919889781585298535,	 0.00000000000000000000,	 0.00000000000000000000
5.74310000000000009379,	 2.00000000000000000000,	 1.50000000000000000000,	 7.06858347057703451100, 320961.18530716805253177881,	 1.86628908862488396281,	 0.36628908862488396281,	 10.94227704982185578331,	 156.83839998941658677722,	 14.33325068222157483433,	 210245.82688719473662786186,	 210348.54792475444264709949,	 0.00000000000000000000,	 0.00000000000000000000,	 -30.72032252577241706604,	 0.00000000000000000000,	 0.00000000000000000000,	 -1.53601612628862094212,	 0.05000000000000000278,	 0.01967236212215925373,	 0.00000000000000000000,	 0.00000000000000000000
5.74420000000000019469,	 2.00000000000000000000,	 1.50000000000000000000,	 7.06858347057703451100, 320961.18530716805253177881,	 1.86683155679165335705,	 0.36683155679165335705,	 10.94863908631757176693,	 160.70795902657275178171,	 14.67835022778385578590,	 210573.80339459885726682842,	 210681.53037730359937995672,	 0.00000000000000000000,	 0.00000000000000000000,	 -31.45082945353708581138,	 0.00000000000000000000,	 0.00000000000000000000,	 -1.57254147267685429057,	 0.05000000000000000278,	 0.02014308341052057152,	 0.00000000000000000000,	 0.00000000000000000000
5.74530000000000029559,	 2.00000000000000000000,	 1.50000000000000000000,	 7.06858347057703451100, 320961.18530716805253177881,	 1.86737952787638428198,	 0.36737952787638428198,	 10.95506753792242804479,	 164.56156410104983933707,	 15.02150155910933726489,	 210903.32971700641792267561,	 211016.15247155158431269228,	 0.00000000000000000000,	 0.00000000000000000000,	 -32.17664397594000291747,	 0.00000000000000000000,	 0.00000000000000000000,	 -1.60883219879700023469,	 0.05000000000000000278,	 0.02061096484785019181,	 0.00000000000000000000,	 0.00000000000000000000
5.74640000000000039648,	 2.00000000000000000000,	 1.50000000000000000000,	 7.06858347057703451100, 320961.18530716805253177881,	 1.86793256133630491966,	 0.36793256133630491966,	 10.96155729101601572495,	 168.39828031548299236420,	 15.36262374448387646453,	 211234.22568868056987412274,	 211352.23079283785773441195,	 0.00000000000000000000,	 0.00000000000000000000,	 -32.89759825910110890845,	 0.00000000000000000000,	 0.00000000000000000000,	 -1.64487991295505553424,	 0.05000000000000000278,	 0.02107589711485328976,	 0.00000000000000000000,	 0.00000000000000000000
5.74750000000000049738,	 2.00000000000000000000,	 1.50000000000000000000,	 7.06858347057703451100, 320961.18530716805253177881,	 1.86849023472118869194,	 0.36849023472118869194,	 10.96810343877477933461,	 172.21710782967971908874,	 15.70163053175195777555,	 211566.31147089481237344444,	 211689.58207157262950204313,	 0.00000000000000000000,	 0.00000000000000000000,	 -33.61351371278622224281,	 0.00000000000000000000,	 0.00000000000000000000,	 -1.68067568563931124537,	 0.05000000000000000278,	 0.02153776379773816516,	 0.00000000000000000000,	 0.00000000000000000000
5.74860000000000059828,	 2.00000000000000000000,	 1.50000000000000000000,	 7.06858347057703451100, 320961.18530716805253177881,	 1.86905214161466926015,	 0.36905214161466926015,	 10.97470125718097833101,	 176.01703421464765142446,	 16.03843513275370469273,	 211899.41008627871633507311,	 212028.02578703250037506223,	 0.00000000000000000000,	 0.00000000000000000000,	 -34.32421124195741413132,	 0.00000000000000000000,	 0.00000000000000000000,	 -1.71621056209787070657,	 0.05000000000000000278,	 0.02199644795406879502,	 0.00000000000000000000,	 0.00000000000000000000
5.74970000000000069917,	 2.00000000000000000000,	 1.50000000000000000000,	 7.06858347057703451100, 320961.18530716805253177881,	 1.86961788971771114554,	 0.36961788971771114554,	 10.98134618267633300093,	 179.79709481693873840413,	 16.37295572200231319471,	 212233.34544642997207120061,	 212367.38228596729459241033,	 0.00000000000000000000,	 0.00000000000000000000,	 -35.02952301012572178252,	 0.00000000000000000000,	 0.00000000000000000000,	 -1.75147615050628613353,	 0.05000000000000000278,	 0.02245183965281655550,	 0.00000000000000000000,	 0.00000000000000000000
5.75079999999999991189,	 2.00000000000000000000,	 1.50000000000000000000,	 7.06858347057703451100, 320961.18530716805253177881,	 1.87018709873940869315,	 0.37018709873940869315,	 10.98803378752687720521,	 183.55641382195128130661,	 16.70511916611653191467,	 212567.94109248995664529502,	 212707.47159566704067401588,	 0.00000000000000000000,	 0.00000000000000000000,	 -35.72930040502695447913,	 0.00000000000000000000,	 0.00000000000000000000,	 -1.78646502025134790159,	 0.05000000000000000278,	 0.02290384108430704169,	 0.00000000000000000000,	 0.00000000000000000000
5.75190000000000001279,	 2.00000000000000000000,	 1.50000000000000000000,	 7.06858347057703451100, 320961.18530716805253177881,	 1.87075939858002882055,	 0.37075939858002882055,	 10.99475975859190413075,	 187.29421432005472070159,	 17.03486191898761603625,	 212903.02102105991798453033,	 213048.11428135941969230771,	 0.00000000000000000000,	 0.00000000000000000000,	 -36.42341592813628636804,	 0.00000000000000000000,	 0.00000000000000000000,	 -1.82117079640681422958,	 0.04999999999999999584,	 0.02335236777965564101,	 0.00000000000000000000,	 0.00000000000000000000
5.75300000000000011369,	 2.00000000000000000000,	 1.50000000000000000000,	 7.06858347057703451100, 320961.18530716805253177881,	 1.87133442823265738753,	 0.37133442823265738753,	 11.00151988451552576009,	 191.00979953374312003689,	 17.36212828216459058694,	 213238.41189964575460180640,	 213389.13364888893556781113,	 0.00000000000000000000,	 0.00000000000000000000,	 -37.11175943802174970187,	 0.00000000000000000000,	 0.00000000000000000000,	 -1.85558797190108748509,	 0.05000000000000000278,	 0.02379734621426496735,	 0.00000000000000000000,	 0.00000000000000000000
5.75410000000000021458,	 2.00000000000000000000,	 1.50000000000000000000,	 7.06858347057703451100, 320961.18530716805253177881,	 1.87191183551460338386,	 0.37191183551460338386,	 11.00831005266492823580,	 194.70251586866078241655,	 17.68686700657804777848,	 213573.94565275957575067878,	 213730.35828501376090571284,	 0.00000000000000000000,	 0.00000000000000000000,	 -37.79423084146650069215,	 0.00000000000000000000,	 0.00000000000000000000,	 -1.88971154207332503461,	 0.05000000000000000278,	 0.02423870913568805865,	 0.00000000000000000000,	 0.00000000000000000000
5.75520000000000031548,	 2.00000000000000000000,	 1.50000000000000000000,	 7.06858347057703451100, 320961.18530716805253177881,	 1.87249127746613619472,	 0.37249127746613619472,	 11.01512625392440725136,	 198.37171194717780053907,	 18.00902752943962426002,	 213909.46156170743051916361,	 214071.62409798547741957009,	 0.00000000000000000000,	 0.00000000000000000000,	 -38.47073200535175629966,	 0.00000000000000000000,	 0.00000000000000000000,	 -1.92353660026758799262,	 0.05000000000000000278,	 0.02467639039161998935,	 0.00000000000000000000,	 0.00000000000000000000
5.75630000000000041638,	 2.00000000000000000000,	 1.50000000000000000000,	 7.06858347057703451100, 320961.18530716805253177881,	 1.87307242113381144932,	 0.37307242113381144932,	 11.02196459203389089510,	 202.01670526101764835403,	 18.32855690781522994826,	 214244.80759052379289641976,	 214412.77558968530502170324,	 0.00000000000000000000,	 0.00000000000000000000,	 -39.14116016234024186815,	 0.00000000000000000000,	 0.00000000000000000000,	 -1.95705800811701213782,	 0.05000000000000000278,	 0.02511032071426156503,	 0.00000000000000000000,	 0.00000000000000000000
5.75740000000000051728,	 2.00000000000000000000,	 1.50000000000000000000,	 7.06858347057703451100, 320961.18530716805253177881,	 1.87365493361984603027,	 0.37365493361984603027,	 11.02882116658794409148,	 205.63677642139211343419,	 18.64539947790369822656,	 214579.43535553655237890780,	 214753.26081638186587952077,	 0.00000000000000000000,	 0.00000000000000000000,	 -39.80540737430523279272,	 0.00000000000000000000,	 0.00000000000000000000,	 -1.99027036871526163964,	 0.05000000000000000278,	 0.02554042731492291857,	 0.00000000000000000000,	 0.00000000000000000000
5.75850000000000061817,	 2.00000000000000000000,	 1.50000000000000000000,	 7.06858347057703451100, 320961.18530716805253177881,	 1.87423809280628361762,	 0.37423809280628361762,	 11.03568748881987104937,	 209.23097103438121280305,	 18.95948677835891160726,	 214911.95706654657260514796,	 215091.68813599596614949405,	 0.00000000000000000000,	 0.00000000000000000000,	 -40.46334742875917811489,	 0.00000000000000000000,	 0.00000000000000000000,	 -2.02316737143795899456,	 0.05000000000000000278,	 0.02596662277925057549,	 0.00000000000000000000,	 0.00000000000000000000
5.75960000000000071907,	 2.00000000000000000000,	 1.50000000000000000000,	 7.06858347057703451100, 320961.18530716805253177881,	 1.87482165518425514250,	 0.37482165518425514250,	 11.04256069733979472858,	 212.79853989587931550886,	 19.27076026370799155529,	 215244.61286131499218754470,	 215430.29396188564714975655,	 0.00000000000000000000,	 0.00000000000000000000,	 -41.11486596161400797200,	 0.00000000000000000000,	 0.00000000000000000000,	 -2.05574329808070066505,	 0.05000000000000000971,	 0.02638883028789929322,	 0.00000000000000000000,	 0.00000000000000000000
5.76069999999999993179,	 2.00000000000000000000,	 1.50000000000000000000,	 7.06858347057703451100, 320961.18530716805253177881,	 1.87540552304656382709,	 0.37540552304656382709,	 11.04943964524800215088,	 216.33925046994127683320,	 19.57920559012072914129,	 215576.95097573637031018734,	 215768.62362150647095404565,	 0.00000000000000000000,	 0.00000000000000000000,	 -41.75994012924659415376,	 0.00000000000000000000,	 0.00000000000000000000,	 -2.08799700646232988532,	 0.05000000000000000278,	 0.02680703265752930331,	 0.00000000000000000000,	 0.00000000000000000000
5.76180000000000003268,	 2.00000000000000000000,	 1.50000000000000000000,	 7.06858347057703451100, 320961.18530716805253177881,	 1.87598952228977777779,	 0.37598952228977777779,	 11.05632228371625203067,	 219.85255112573821634214,	 19.88478134809230368774,	 215908.69386907244916073978,	 216106.39613370317965745926,	 0.00000000000000000000,	 0.00000000000000000000,	 -42.39849127477327073166,	 0.00000000000000000000,	 0.00000000000000000000,	 -2.11992456373866344777,	 0.04999999999999999584,	 0.02722117626311431129,	 0.00000000000000000000,	 0.00000000000000000000
5.76290000000000013358,	 2.00000000000000000000,	 1.50000000000000000000,	 7.06858347057703451100, 320961.18530716805253177881,	 1.87657344506247980576,	 0.37657344506247980576,	 11.06320616344397578246,	 223.33755243387193445415,	 20.18741666153195524203,	 216239.65040390580543316901,	 216443.41629963894956745207,	 0.00000000000000000000,	 0.00000000000000000000,	 -43.03037904463116092302,	 0.00000000000000000000,	 0.00000000000000000000,	 -2.15151895223155831260,	 0.05000000000000000278,	 0.02763116750634209487,	 0.00000000000000000000,	 0.00000000000000000000
5.76400000000000023448,	 2.00000000000000000000,	 1.50000000000000000000,	 7.06858347057703451100, 320961.18530716805253177881,	 1.87715707215130422902,	 0.37715707215130422902,	 11.07008869807165929444,	 226.79313556812431329490,	 20.48702063314363996938,	 216569.68159194084000773728,	 216779.54059915227117016912,	 0.00000000000000000000,	 0.00000000000000000000,	 -43.65542114100151849243,	 0.00000000000000000000,	 0.00000000000000000000,	 -2.18277105705007601344,	 0.05000000000000000278,	 0.02803688562178384761,	 0.00000000000000000000,	 0.00000000000000000000
5.76510000000000033538,	 2.00000000000000000000,	 1.50000000000000000000,	 7.06858347057703451100, 320961.18530716805253177881,	 1.87774018577622636705,	 0.37774018577622636705,	 11.07696731493628128362,	 230.21809312346218234779,	 20.78349484818232184580,	 216898.68354472308419644833,	 217114.66037377528846263885,	 0.00000000000000000000,	 0.00000000000000000000,	 -44.27341973211437675673,	 0.00000000000000000000,	 0.00000000000000000000,	 -2.21367098660571892665,	 0.05000000000000000278,	 0.02843819971361747495,	 0.00000000000000000000,	 0.00000000000000000000
5.76620000000000043627,	 2.00000000000000000000,	 1.50000000000000000000,	 7.06858347057703451100, 320961.18530716805253177881,	 1.87832257723162276974,	 0.37832257723162276974,	 11.08383954528179238253,	 233.61124549399235661440,	 21.07674371679593861018,	 217226.57826694202958606184,	 217448.69282979378476738930,	 0.00000000000000000000,	 0.00000000000000000000,	 -44.88418330755524721098,	 0.00000000000000000000,	 0.00000000000000000000,	 -2.24420916537776227173,	 0.04999999999999999584,	 0.02883498285062823657,	 0.00000000000000000000,	 0.00000000000000000000
5.76730000000000053717,	 2.00000000000000000000,	 1.50000000000000000000,	 7.06858347057703451100, 320961.18530716805253177881,	 1.87890405152674944134,	 0.37890405152674944134,	 11.09070307921654219285,	 236.97150890305968573557,	 21.36668047196513597896,	 217553.30800037598237395287,	 217781.57551757150213234127,	 0.00000000000000000000,	 0.00000000000000000000,	 -45.48753930165431569321,	 0.00000000000000000000,	 0.00000000000000000000,	 -2.27437696508271613993,	 0.05000000000000000971,	 0.02922712022394483716,	 0.00000000000000000000,	 0.00000000000000000000
5.76840000000000063807,	 2.00000000000000000000,	 1.50000000000000000000,	 7.06858347057703451100, 320961.18530716805253177881,	 1.87948443007303200858,	 0.37948443007303200858,	 11.09755579770878775037,	 240.29791610615876606971,	 21.65322891692699514010,	 217878.83103418897371739149,	 218113.26219545339699834585,	 0.00000000000000000000,	 0.00000000000000000000,	 -46.08333768657099938082,	 0.00000000000000000000,	 0.00000000000000000000,	 -2.30416688432855032431,	 0.05000000000000000971,	 0.02961451149650776507,	 0.00000000000000000000,	 0.00000000000000000000
5.76949999999999985079,	 2.00000000000000000000,	 1.50000000000000000000,	 7.06858347057703451100, 320961.18530716805253177881,	 1.88006355196260432905,	 0.38006355196260432905,	 11.10439578800062676578,	 243.58960405443642116552,	 21.93632221913942714764,	 218203.11820115896989591420,	 218443.71931740993750281632,	 0.00000000000000000000,	 0.00000000000000000000,	 -46.67144830554271806022,	 0.00000000000000000000,	 0.00000000000000000000,	 -2.33357241527713599183,	 0.05000000000000000278,	 0.02999706912144619458,	 0.00000000000000000000,	 0.00000000000000000000
5.77059999999999995168,	 2.00000000000000000000,	 1.50000000000000000000,	 7.06858347057703451100, 320961.18530716805253177881,	 1.88064127421285065545,	 0.38064127421285065545,	 11.11122134683179574210,	 246.84578554071725875474,	 22.21590028994443244414,	 218526.15000388867338187993,	 218772.92311673503718338907,	 0.00000000000000000000,	 0.00000000000000000000,	 -47.25175522746724254830,	 0.00000000000000000000,	 0.00000000000000000000,	 -2.36258776137336257150,	 0.05000000000000000971,	 0.03037471473619337420,	 0.00000000000000000000,	 0.00000000000000000000
5.77170000000000005258,	 2.00000000000000000000,	 1.50000000000000000000,	 7.06858347057703451100, 320961.18530716805253177881,	 1.88121747132634031807,	 0.38121747132634031807,	 11.11803097557604402823,	 250.06571822997099729946,	 22.49190695540535500641,	 218847.91455807402962818742,	 219100.85749731934629380703,	 0.00000000000000000000,	 0.00000000000000000000,	 -47.82415068588019835261,	 0.00000000000000000000,	 0.00000000000000000000,	 -2.39120753429401000645,	 0.05000000000000000278,	 0.03074737528024642716,	 0.00000000000000000000,	 0.00000000000000000000
5.77280000000000015348,	 2.00000000000000000000,	 1.50000000000000000000,	 7.06858347057703451100, 320961.18530716805253177881,	 1.88179203450489662686,	 0.38179203450489662686,	 11.12482337127738141191,	 253.24867892054825802006,	 22.76428761776103470993,	 219168.40644991831504739821,	 219427.51284529038821347058,	 0.00000000000000000000,	 0.00000000000000000000,	 -48.38853008270995559315,	 0.00000000000000000000,	 0.00000000000000000000,	 -2.41942650413549786848,	 0.05000000000000000278,	 0.03111497979055023733,	 0.00000000000000000000,	 0.00000000000000000000
5.77390000000000025437,	 2.00000000000000000000,	 1.50000000000000000000,	 7.06858347057703451100, 320961.18530716805253177881,	 1.88236487080005288064,	 0.38236487080005288064,	 11.13159741691533710650,	 256.39394619060072955108,	 23.03298768252164663295,	 219487.62638751370832324028,	 219752.88564830529503524303,	 0.00000000000000000000,	 0.00000000000000000000,	 -48.94478863225288023386,	 0.00000000000000000000,	 0.00000000000000000000,	 -2.44723943161264401169,	 0.05000000000000000278,	 0.03147745724747903762,	 0.00000000000000000000,	 0.00000000000000000000
5.77500000000000035527,	 2.00000000000000000000,	 1.50000000000000000000,	 7.06858347057703451100, 320961.18530716805253177881,	 1.88293590238008223814,	 0.38293590238008223814,	 11.13835217302917790505,	 259.50079164777440610123,	 23.29795176311082371967,	 219805.58135457659955136478,	 220076.97863275470444932580,	 0.00000000000000000000,	 0.00000000000000000000,	 -49.49281966244645047937,	 0.00000000000000000000,	 0.00000000000000000000,	 -2.47464098312232261279,	 0.05000000000000000278,	 0.03183473548504451439,	 0.00000000000000000000,	 0.00000000000000000000
5.77610000000000045617,	 2.00000000000000000000,	 1.50000000000000000000,	 7.06858347057703451100, 320961.18530716805253177881,	 1.88350506597954070465,	 0.38350506597954070465,	 11.14508687148419774360,	 262.56847851109324665231,	 23.55912354374738626461,	 220122.28493082569912075996,	 220399.80108190048485994339,	 0.00000000000000000000,	 0.00000000000000000000,	 -50.03251431446543051607,	 0.00000000000000000000,	 0.00000000000000000000,	 -2.50162571572327196989,	 0.05000000000000000971,	 0.03218674100053116327,	 0.00000000000000000000,	 0.00000000000000000000
5.77720000000000055707,	 2.00000000000000000000,	 1.50000000000000000000,	 7.06858347057703451100, 320961.18530716805253177881,	 1.88407231250678908197,	 0.38407231250678908197,	 11.15180091109417404027,	 265.59626558061478363015,	 23.81644612363828983348,	 220437.75751662711263634264,	 220721.36906960720079950988,	 0.00000000000000000000,	 0.00000000000000000000,	 -50.56376226228837822418,	 0.00000000000000000000,	 0.00000000000000000000,	 -2.52818811311441882239,	 0.04999999999999999584,	 0.03253339942099739424,	 0.00000000000000000000,	 0.00000000000000000000
5.77830000000000065796,	 2.00000000000000000000,	 1.50000000000000000000,	 7.06858347057703451100, 320961.18530716805253177881,	 1.88463760673753344399,	 0.38463760673753344399,	 11.15849385425167206165,	 268.58341437376412841331,	 24.06986264292532240461,	 220752.02632937888847663999,	 221041.70547320353216491640,	 0.00000000000000000000,	 0.00000000000000000000,	 -51.08645302816022137904,	 0.00000000000000000000,	 0.00000000000000000000,	 -2.55432265140801106895,	 0.05000000000000000278,	 0.03287463635391595779,	 0.00000000000000000000,	 0.00000000000000000000
5.77939999999999987068,	 2.00000000000000000000,	 1.50000000000000000000,	 7.06858347057703451100, 320961.18530716805253177881,	 1.88520092701670272106,	 0.38520092701670272106,	 11.16516542364814235100,	 271.52919721740533987031,	 24.31931699303788718680,	 221065.12516063463408499956,	 221360.83975013857707381248,	 0.00000000000000000000,	 0.00000000000000000000,	 -51.60047747594263967130,	 0.00000000000000000000,	 0.00000000000000000000,	 -2.58002387379713216120,	 0.05000000000000000278,	 0.03321037835268841193,	 0.00000000000000000000,	 0.00000000000000000000
5.78049999999999997158,	 2.00000000000000000000,	 1.50000000000000000000,	 7.06858347057703451100, 320961.18530716805253177881,	 1.88576226491192544543,	 0.38576226491192544543,	 11.17181549841175858262,	 274.43290442036715148788,	 24.56475444473478120244,	 221377.09395663783652707934,	 221678.80753710289718583226,	 0.00000000000000000000,	 0.00000000000000000000,	 -52.10572912992736860360,	 0.00000000000000000000,	 0.00000000000000000000,	 -2.60528645649636825254,	 0.04999999999999999584,	 0.03354055376978828940,	 0.00000000000000000000,	 0.00000000000000000000
5.78160000000000007248,	 2.00000000000000000000,	 1.50000000000000000000,	 7.06858347057703451100, 320961.18530716805253177881,	 1.88632162479097709173,	 0.38632162479097709173,	 11.17844410933431653632,	 277.29384930621108651394,	 24.80612208586907740937,	 221687.97830462848651222885,	 221995.65015109800151549280,	 0.00000000000000000000,	 0.00000000000000000000,	 -52.60210509142170565156,	 0.00000000000000000000,	 0.00000000000000000000,	 -2.63010525457108546021,	 0.05000000000000000278,	 0.03386509335054291997,	 0.00000000000000000000,	 0.00000000000000000000
5.78270000000000017337,	 2.00000000000000000000,	 1.50000000000000000000,	 7.06858347057703451100, 320961.18530716805253177881,	 1.88687902332108192738,	 0.38687902332108192738,	 11.18505143316036409828,	 280.11137065444171412310,	 25.04336902948827514592,	 221997.82889961640466935933,	 222311.41406578998430632055,	 0.00000000000000000000,	 0.00000000000000000000,	 -53.08950647065782391110,	 0.00000000000000000000,	 0.00000000000000000000,	 -2.65447532353289128437,	 0.05000000000000000278,	 0.03418393051412908085,	 0.00000000000000000000,	 0.00000000000000000000
5.78380000000000027427,	 2.00000000000000000000,	 1.50000000000000000000,	 7.06858347057703451100, 320961.18530716805253177881,	 1.88743448890303944232,	 0.38743448890303944232,	 11.19163778609049941792,	 282.88483286026337282237,	 25.27644642072370473329,	 222306.70102817681618034840,	 222626.15040000667795538902,	 0.00000000000000000000,	 0.00000000000000000000,	 -53.56783839509927247491,	 0.00000000000000000000,	 0.00000000000000000000,	 -2.67839191975496371256,	 0.05000000000000000278,	 0.03449700136086533003,	 0.00000000000000000000,	 0.00000000000000000000
5.78490000000000037517,	 2.00000000000000000000,	 1.50000000000000000000,	 7.06858347057703451100, 320961.18530716805253177881,	 1.88798806105550220913,	 0.38798806105550220913,	 11.19820361667934172090,	 285.61362467514999252671,	 25.50530731998284750262,	 222614.65407269319985061884,	 222939.91442343659582547843,	 0.00000000000000000000,	 0.00000000000000000000,	 -54.03700975889391600049,	 0.00000000000000000000,	 0.00000000000000000000,	 -2.70185048794469606648,	 0.05000000000000000278,	 0.03480424451174526923,	 0.00000000000000000000,	 0.00000000000000000000
5.78600000000000047606,	 2.00000000000000000000,	 1.50000000000000000000,	 7.06858347057703451100, 320961.18530716805253177881,	 1.88853978976101632981,	 0.38853978976101632981,	 11.20474949826489208249,	 288.29715754110077341466,	 25.72990655308669971646,	 222921.75102581718238070607,	 223252.76507143245544284582,	 0.00000000000000000000,	 0.00000000000000000000,	 -54.49693290569783954425,	 0.00000000000000000000,	 0.00000000000000000000,	 -2.72484664528489206603,	 0.05000000000000000278,	 0.03510560090396145499,	 0.00000000000000000000,	 0.00000000000000000000
5.78710000000000057696,	 2.00000000000000000000,	 1.50000000000000000000,	 7.06858347057703451100, 320961.18530716805253177881,	 1.88908973478019381886,	 0.38908973478019381886,	 11.21127612100421977459,	 290.93486434814013819050,	 25.95020060232718961402,	 223228.05800082097994163632,	 223564.76445647148648276925,	 0.00000000000000000000,	 0.00000000000000000000,	 -54.94752340146857960690,	 0.00000000000000000000,	 0.00000000000000000000,	 -2.74737617007342915798,	 0.05000000000000000278,	 0.03540101364332470801,	 0.00000000000000000000,	 0.00000000000000000000
5.78820000000000067786,	 2.00000000000000000000,	 1.50000000000000000000,	 7.06858347057703451100, 320961.18530716805253177881,	 1.88963796493634617057,	 0.38963796493634617057,	 11.21778428354264889322,	 293.52619904636020464750,	 26.16614757666410895354,	 223533.64373376293224282563,	 223875.97737326481728814542,	 0.00000000000000000000,	 0.00000000000000000000,	 -55.38869997787228527386,	 0.00000000000000000000,	 0.00000000000000000000,	 -2.76943499889361444133,	 0.05000000000000000278,	 0.03569042796562754694,	 0.00000000000000000000,	 0.00000000000000000000
5.78929999999999989058,	 2.00000000000000000000,	 1.50000000000000000000,	 7.06858347057703451100, 320961.18530716805253177881,	 1.89018455738087620688,	 0.39018455738087620688,	 11.22427488443831222753,	 296.07063683341732485133,	 26.37770723558267249587,	 223838.57912744226632639766,	 224186.47084694533259607852,	 0.00000000000000000000,	 0.00000000000000000000,	 -55.82038459172007094367,	 0.00000000000000000000,	 0.00000000000000000000,	 -2.79101922958600345837,	 0.04999999999999999584,	 0.03597379127198971349,	 0.00000000000000000000,	 0.00000000000000000000
5.79039999999999999147,	 2.00000000000000000000,	 1.50000000000000000000,	 7.06858347057703451100, 320961.18530716805253177881,	 1.89072959682622143696,	 0.39072959682622143696,	 11.23074891318499268777,	 298.56767558265414663765,	 26.58484112596740800427,	 224142.93662522130762226880,	 224496.31351406776229850948,	 0.00000000000000000000,	 0.00000000000000000000,	 -56.24250272612798795535,	 0.00000000000000000000,	 0.00000000000000000000,	 -2.81212513630639948659,	 0.05000000000000000278,	 0.03625105331916355506,	 0.00000000000000000000,	 0.00000000000000000000
5.79150000000000009237,	 2.00000000000000000000,	 1.50000000000000000000,	 7.06858347057703451100, 320961.18530716805253177881,	 1.89127317475705924998,	 0.39127317475705924998,	 11.23720744096007173596,	 301.01683646018454965088,	 26.78751264864668257815,	 224446.78994075281661935151,	 224805.57535770352114923298,	 0.00000000000000000000,	 0.00000000000000000000,	 -56.65498354480205733807,	 0.00000000000000000000,	 0.00000000000000000000,	 -2.83274917724010277809,	 0.04999999999999999584,	 0.03652216631455929008,	 0.00000000000000000000,	 0.00000000000000000000
5.79260000000000019327,	 2.00000000000000000000,	 1.50000000000000000000,	 7.06858347057703451100, 320961.18530716805253177881,	 1.89181538878242627710,	 0.39181538878242627710,	 11.24365161303071758425,	 303.41766021699703514969,	 26.98568673769242209914,	 224750.21429207024630159140,	 225114.32793642269098199904,	 0.00000000000000000000,	 0.00000000000000000000,	 -57.05775922472103900418,	 0.00000000000000000000,	 0.00000000000000000000,	 -2.85288796123605203903,	 0.05000000000000000278,	 0.03678708448247036689,	 0.00000000000000000000,	 0.00000000000000000000
5.79370000000000029416,	 2.00000000000000000000,	 1.50000000000000000000,	 7.06858347057703451100, 320961.18530716805253177881,	 1.89235634210194625382,	 0.39235634210194625382,	 11.25008264250327982836,	 305.76970381781330843296,	 27.17932956888713391663,	 225053.28621680807555094361,	 225422.64419471516157500446,	 0.00000000000000000000,	 0.00000000000000000000,	 -57.45076434958868105696,	 0.00000000000000000000,	 0.00000000000000000000,	 -2.87253821747943449694,	 0.05000000000000000971,	 0.03704576366977346130,	 0.00000000000000000000,	 0.00000000000000000000
5.79480000000000039506,	 2.00000000000000000000,	 1.50000000000000000000,	 7.06858347057703451100, 320961.18530716805253177881,	 1.89289614286712604141,	 0.39289614286712604141,	 11.25650180281363788026,	 308.07254342452898754345,	 27.36840883795036560855,	 225356.08244962914614006877,	 225730.59735078975791111588,	 0.00000000000000000000,	 0.00000000000000000000,	 -57.83393651274721491973,	 0.00000000000000000000,	 0.00000000000000000000,	 -2.89169682563736119008,	 0.05000000000000000971,	 0.03729816172987311662,	 0.00000000000000000000,	 0.00000000000000000000
5.79590000000000049596,	 2.00000000000000000000,	 1.50000000000000000000,	 7.06858347057703451100, 320961.18530716805253177881,	 1.89343490322291541084,	 0.39343490322291541084,	 11.26291041640080692332,	 310.32578489907081120691,	 27.55289471602127804317,	 225658.67812868260079994798,	 226038.25913229867001064122,	 0.00000000000000000000,	 0.00000000000000000000,	 -58.20721836092076983959,	 0.00000000000000000000,	 0.00000000000000000000,	 -2.91036091804603858080,	 0.05000000000000000278,	 0.03754423983274883525,	 0.00000000000000000000,	 0.00000000000000000000
5.79700000000000059686,	 2.00000000000000000000,	 1.50000000000000000000,	 7.06858347057703451100, 320961.18530716805253177881,	 1.89397273801014676131,	 0.39397273801014676131,	 11.26930983932575003337,	 312.52907643809953697200,	 27.73276100258490473038,	 225961.14509165295748971403,	 226345.69810806619352661073,	 0.00000000000000000000,	 0.00000000000000000000,	 -58.57056006354476096476,	 0.00000000000000000000,	 0.00000000000000000000,	 -2.92852800317723804824,	 0.05000000000000000278,	 0.03778396404678469045,	 0.00000000000000000000,	 0.00000000000000000000
5.79810000000000069775,	 2.00000000000000000000,	 1.50000000000000000000,	 7.06858347057703451100, 320961.18530716805253177881,	 1.89450976329740417015,	 0.39450976329740417015,	 11.27570144383394179499,	 314.68211611572502306444,	 27.90798582981347664145,	 226263.55082454034709371626,	 226652.97866107887239195406,	 0.00000000000000000000,	 0.00000000000000000000,	 -58.92392083794698010024,	 0.00000000000000000000,	 0.00000000000000000000,	 -2.94619604189734918265,	 0.05000000000000000278,	 0.03801730631049089759,	 0.00000000000000000000,	 0.00000000000000000000
5.79919999999999991047,	 2.00000000000000000000,	 1.50000000000000000000,	 7.06858347057703451100, 320961.18530716805253177881,	 1.89504609496933840163,	 0.39504609496933840163,	 11.28208660156096065919,	 316.78465019548070813471,	 28.07855154663067409615,	 226565.95817248118692077696,	 226960.16070095959003083408,	 0.00000000000000000000,	 0.00000000000000000000,	 -59.26726874067932016033,	 0.00000000000000000000,	 0.00000000000000000000,	 -2.96336343703396609683,	 0.05000000000000000278,	 0.03824424428619715294,	 0.00000000000000000000,	 0.00000000000000000000
5.80030000000000001137,	 2.00000000000000000000,	 1.50000000000000000000,	 7.06858347057703451100, 320961.18530716805253177881,	 1.89558184753638903075,	 0.39558184753638903075,	 11.28846666934735232246,	 318.83646302546776496456,	 28.24444385270098223373,	 226868.42557212401879951358,	 227267.29987639820319600403,	 0.00000000000000000000,	 0.00000000000000000000,	 -59.60057887114533059503,	 0.00000000000000000000,	 0.00000000000000000000,	 -2.98002894355726688502,	 0.05000000000000000278,	 0.03846476019067909813,	 0.00000000000000000000,	 0.00000000000000000000
5.80140000000000011227,	 2.00000000000000000000,	 1.50000000000000000000,	 7.06858347057703451100, 320961.18530716805253177881,	 1.89611713321986052883,	 0.39611713321986052883,	 11.29484297831081285324,	 320.83736299327279084537,	 28.40565057959355854678,	 227171.00745596663909964263,	 227574.44794839160749688745,	 0.00000000000000000000,	 0.00000000000000000000,	 -59.92383082654173875881,	 0.00000000000000000000,	 0.00000000000000000000,	 -2.99619154132708720439,	 0.05000000000000000278,	 0.03867883914395448680,	 0.00000000000000000000,	 0.00000000000000000000
5.80250000000000021316,	 2.00000000000000000000,	 1.50000000000000000000,	 7.06858347057703451100, 320961.18530716805253177881,	 1.89665206127380869816,	 0.39665206127380869816,	 11.30121682572287156177,	 322.78716987538587090967,	 28.56216059324559353172,	 227473.75456166296498849988,	 227881.65307054013828746974,	 0.00000000000000000000,	 0.00000000000000000000,	 -60.23700641025954638508,	 0.00000000000000000000,	 0.00000000000000000000,	 -3.01185032051297740807,	 0.05000000000000000278,	 0.03888646768247149693,	 0.00000000000000000000,	 0.00000000000000000000
5.80360000000000031406,	 2.00000000000000000000,	 1.50000000000000000000,	 7.06858347057703451100, 320961.18530716805253177881,	 1.89718673746204413710,	 0.39718673746204413710,	 11.30758946872182768573,	 324.68570730894475673267,	 28.71396314900404078685,	 227776.71403227120754308999,	 228188.95987213240005075932,	 0.00000000000000000000,	 0.00000000000000000000,	 -60.54008829392526536139,	 0.00000000000000000000,	 0.00000000000000000000,	 -3.02700441469626335689,	 0.05000000000000000278,	 0.03908763288820424342,	 0.00000000000000000000,	 0.00000000000000000000
5.80470000000000041496,	 2.00000000000000000000,	 1.50000000000000000000,	 7.06858347057703451100, 320961.18530716805253177881,	 1.89772126361018811380,	 0.39772126361018811380,	 11.31396211891090430868,	 326.53280143072390728776,	 28.86104779199635217424,	 228079.92931736877653747797,	 228496.40935719473054632545,	 0.00000000000000000000,	 0.00000000000000000000,	 -60.83305982901124764339,	 0.00000000000000000000,	 0.00000000000000000000,	 -3.04165299145056255981,	 0.05000000000000000278,	 0.03928232226003487010,	 0.00000000000000000000,	 0.00000000000000000000
5.80580000000000051585,	 2.00000000000000000000,	 1.50000000000000000000,	 7.06858347057703451100, 320961.18530716805253177881,	 1.89825573717735540669,	 0.39825573717735540669,	 11.32033593718221275992,	 328.32828439186488367341,	 29.00340468814658834162,	 228383.43994088601903058589,	 228804.03868263823096640408,	 0.00000000000000000000,	 0.00000000000000000000,	 -61.11590576572935162858,	 0.00000000000000000000,	 0.00000000000000000000,	 -3.05579528828646784788,	 0.05000000000000000278,	 0.03947052417114810946,	 0.00000000000000000000,	 0.00000000000000000000
5.80690000000000061675,	 2.00000000000000000000,	 1.50000000000000000000,	 7.06858347057703451100, 320961.18530716805253177881,	 1.89879025081905195016,	 0.39879025081905195016,	 11.32671202842796631671,	 330.07200026586798458084,	 29.14102516577166568368,	 228687.28120218624826520681,	 229111.88087604232714511454,	 0.00000000000000000000,	 0.00000000000000000000,	 -61.38861341467610799327,	 0.00000000000000000000,	 0.00000000000000000000,	 -3.06943067073380548848,	 0.05000000000000000278,	 0.03965222861269134674,	 0.00000000000000000000,	 0.00000000000000000000
5.80800000000000071765,	 2.00000000000000000000,	 1.50000000000000000000,	 7.06858347057703451100, 320961.18530716805253177881,	 1.89932489193172004960,	 0.39932489193172004960,	 11.33309143602446233956,	 331.76381088485783266151,	 29.27390224967930976163,	 228991.48385338991647586226,	 229419.96452985180076211691,	 0.00000000000000000000,	 0.00000000000000000000,	 -61.65117379134879627145,	 0.00000000000000000000,	 0.00000000000000000000,	 -3.08255868956744016884,	 0.05000000000000000278,	 0.03982742792680669941,	 0.00000000000000000000,	 0.00000000000000000000
5.80909999999999993037,	 2.00000000000000000000,	 1.50000000000000000000,	 7.06858347057703451100, 320961.18530716805253177881,	 1.89985974217893693883,	 0.39985974217893693883,	 11.33947513608837986965,	 333.40359994237985574728,	 29.40203104121708221896,	 229296.07377511073718778789,	 229728.31348978509777225554,	 0.00000000000000000000,	 0.00000000000000000000,	 -61.90358243497718859771,	 0.00000000000000000000,	 0.00000000000000000000,	 -3.09517912174885934107,	 0.04999999999999999584,	 0.03999611732967815053,	 0.00000000000000000000,	 0.00000000000000000000
5.81020000000000003126,	 2.00000000000000000000,	 1.50000000000000000000,	 7.06858347057703451100, 320961.18530716805253177881,	 1.90039487700394982284,	 0.40039487700394982284,	 11.34586403156072265119,	 334.99127472104481739734,	 29.52540888813770081356,	 229601.07166601542849093676,	 230036.94655102127580903471,	 0.00000000000000000000,	 0.00000000000000000000,	 -62.14583978396261443322,	 0.00000000000000000000,	 0.00000000000000000000,	 -3.10729198919813098811,	 0.05000000000000000278,	 0.04015829514838711867,	 0.00000000000000000000,	 0.00000000000000000000
5.81130000000000013216,	 2.00000000000000000000,	 1.50000000000000000000,	 7.06858347057703451100, 320961.18530716805253177881,	 1.90093036513681190591,	 0.40093036513681190591,	 11.35225894621675024609,	 336.52676563275986154622,	 29.64403536134195249474,	 229906.49276326844119466841,	 230345.87717952069942839444,	 0.00000000000000000000,	 0.00000000000000000000,	 -62.37795114437753341008,	 0.00000000000000000000,	 0.00000000000000000000,	 -3.11889755721887684814,	 0.05000000000000000278,	 0.04031396279495719215,	 0.00000000000000000000,	 0.00000000000000000000
5.81240000000000023306,	 2.00000000000000000000,	 1.50000000000000000000,	 7.06858347057703451100, 320961.18530716805253177881,	 1.90146626810808760943,	 0.40146626810808760943,	 11.35866061874459909120,	 338.01002422256806312362,	 29.75791209614696342101,	 230212.34661274173413403332,	 230655.11327890274696983397,	 0.00000000000000000000,	 0.00000000000000000000,	 -62.59992637314645946844,	 0.00000000000000000000,	 0.00000000000000000000,	 -3.12999631865732297342,	 0.05000000000000000278,	 0.04046312455608728348,	 0.00000000000000000000,	 0.00000000000000000000
5.81350000000000033396,	 2.00000000000000000000,	 1.50000000000000000000,	 7.06858347057703451100, 320961.18530716805253177881,	 1.90200263978395933684,	 0.40200263978395933684,	 11.36506969706984193635,	 339.44102040390657748503,	 29.86704256564495452153,	 230518.63690421381033957005,	 230964.65702002283069305122,	 0.00000000000000000000,	 0.00000000000000000000,	 -62.81177941800843456122,	 0.00000000000000000000,	 0.00000000000000000000,	 -3.14058897090042199451,	 0.05000000000000000278,	 0.04060578729043411161,	 0.00000000000000000000,	 0.00000000000000000000
5.81460000000000043485,	 2.00000000000000000000,	 1.50000000000000000000,	 7.06858347057703451100, 320961.18530716805253177881,	 1.90253952593811326288,	 0.40253952593811326288,	 11.37148673311028801436,	 340.81973958141799130317,	 29.97143184356494316489,	 230825.36137750747730024159,	 231274.50474088420742191374,	 0.00000000000000000000,	 0.00000000000000000000,	 -63.01352783466926865685,	 0.00000000000000000000,	 0.00000000000000000000,	 -3.15067639173346369930,	 0.05000000000000000278,	 0.04074196011139128576,	 0.00000000000000000000,	 0.00000000000000000000
5.81570000000000053575,	 2.00000000000000000000,	 1.50000000000000000000,	 7.06858347057703451100, 320961.18530716805253177881,	 1.90307696387340041788,	 0.40307696387340041788,	 11.37791217811703781138,	 342.14618010496559463718,	 30.07108639518329695761,	 231132.51179449193296022713,	 231584.64691298521938733757,	 0.00000000000000000000,	 0.00000000000000000000,	 -63.20519236169732124608,	 0.00000000000000000000,	 0.00000000000000000000,	 -3.16025961808486588467,	 0.04999999999999999584,	 0.04087165410760495304,	 0.00000000000000000000,	 0.00000000000000000000
5.81680000000000063665,	 2.00000000000000000000,	 1.50000000000000000000,	 7.06858347057703451100, 320961.18530716805253177881,	 1.90361498210179491686,	 0.40361498210179491686,	 11.38434637870493482126,	 343.42035126599733985131,	 30.16601391436794088463,	 231440.07396603169036097825,	 231895.06816377260838635266,	 0.00000000000000000000,	 0.00000000000000000000,	 -63.38679659068753124984,	 0.00000000000000000000,	 0.00000000000000000000,	 -3.16933982953437665131,	 0.05000000000000000278,	 0.04099488212564834227,	 0.00000000000000000000,	 0.00000000000000000000
5.81789999999999984936,	 2.00000000000000000000,	 1.50000000000000000000,	 7.06858347057703451100, 320961.18530716805253177881,	 1.90415360008674383607,	 0.40415360008674383607,	 11.39078957362256083741,	 344.64227185357390226272,	 30.25622320788504282518,	 231748.02781828527804464102,	 232205.74733968795044347644,	 0.00000000000000000000,	 0.00000000000000000000,	 -63.55836673366417954867,	 0.00000000000000000000,	 0.00000000000000000000,	 -3.17791833668320888862,	 0.04999999999999999584,	 0.04111165861625881018,	 0.00000000000000000000,	 0.00000000000000000000
5.81899999999999995026,	 2.00000000000000000000,	 1.50000000000000000000,	 7.06858347057703451100, 320961.18530716805253177881,	 1.90469282804385176000,	 0.40469282804385176000,	 11.39724189121471198405,	 345.81196928676308743889,	 30.34172412830194076605,	 232056.34746575125609524548,	 232516.65757729025790467858,	 0.00000000000000000000,	 0.00000000000000000000,	 -63.71993149039858650440,	 0.00000000000000000000,	 0.00000000000000000000,	 -3.18599657451992968049,	 0.05000000000000000278,	 0.04122199954590833465,	 0.00000000000000000000,	 0.00000000000000000000
5.82010000000000005116,	 2.00000000000000000000,	 1.50000000000000000000,	 7.06858347057703451100, 320961.18530716805253177881,	 1.90523266679273750590,	 0.40523266679273750590,	 11.40370334749286485021,	 346.92947915616571208375,	 30.42252754079569143641,	 232365.00129469117382541299,	 232827.76638567639747634530,	 0.00000000000000000000,	 0.00000000000000000000,	 -63.87152198478493403400,	 0.00000000000000000000,	 0.00000000000000000000,	 -3.19357609923924679052,	 0.05000000000000000278,	 0.04132592235374647066,	 0.00000000000000000000,	 0.00000000000000000000
5.82120000000000015206,	 2.00000000000000000000,	 1.50000000000000000000,	 7.06858347057703451100, 320961.18530716805253177881,	 1.90577310765646323887,	 0.40577310765646323887,	 11.41017384477178886470,	 347.99484489490714622661,	 30.49864529928792578062,	 232673.95206356878043152392,	 233139.03574611467774957418,	 0.00000000000000000000,	 0.00000000000000000000,	 -64.01317171862548605077,	 0.00000000000000000000,	 0.00000000000000000000,	 -3.20065858593127439136,	 0.05000000000000000278,	 0.04142344592051198232,	 0.00000000000000000000,	 0.00000000000000000000
5.82230000000000025295,	 2.00000000000000000000,	 1.50000000000000000000,	 7.06858347057703451100, 320961.18530716805253177881,	 1.90631413240502922690,	 0.40631413240502922690,	 11.41665317083134922882,	 349.00811741319876091438,	 30.57009021741039234143,	 232983.15701434193761087954,	 233450.42222229225444607437,	 0.00000000000000000000,	 0.00000000000000000000,	 -64.14491651245913317325,	 0.00000000000000000000,	 0.00000000000000000000,	 -3.20724582562295656984,	 0.04999999999999999584,	 0.04151459052974346142,	 0.00000000000000000000,	 0.00000000000000000000
5.82340000000000035385,	 2.00000000000000000000,	 1.50000000000000000000,	 7.06858347057703451100, 320961.18530716805253177881,	 1.90685571323864344606,	 0.40685571323864344606,	 11.42314099855317977017,	 349.96935463313559466769,	 30.63687602888396810386,	 233292.56799081747885793447,	 233761.87707722207414917648,	 0.00000000000000000000,	 0.00000000000000000000,	 -64.26679442221596616491,	 0.00000000000000000000,	 0.00000000000000000000,	 -3.21333972111079857470,	 0.05000000000000000278,	 0.04159937781397981399,	 0.00000000000000000000,	 0.00000000000000000000
5.82450000000000045475,	 2.00000000000000000000,	 1.50000000000000000000,	 7.06858347057703451100, 320961.18530716805253177881,	 1.90739781280642906047,	 0.40739781280642906047,	 11.42963688598125671092,	 350.87862092508169098437,	 30.69901733758867834467,	 233602.13156542112119495869,	 234073.34639816789422184229,	 0.00000000000000000000,	 0.00000000000000000000,	 -64.37884563245883384752,	 0.00000000000000000000,	 0.00000000000000000000,	 -3.21894228162294204765,	 0.05000000000000000278,	 0.04167783068638490629,	 0.00000000000000000000,	 0.00000000000000000000
5.82560000000000055564,	 2.00000000000000000000,	 1.50000000000000000000,	 7.06858347057703451100, 320961.18530716805253177881,	 1.90794038425917222845,	 0.40794038425917222845,	 11.43614027679046607489,	 351.73598642352794740873,	 30.75652955546310352020,	 233911.78918378174421377480,	 234384.77123892979579977691,	 0.00000000000000000000,	 0.00000000000000000000,	 -64.48111232239669732280,	 0.00000000000000000000,	 0.00000000000000000000,	 -3.22405561611983504378,	 0.05000000000000000278,	 0.04174997325529688358,	 0.00000000000000000000,	 0.00000000000000000000
5.82670000000000065654,	 2.00000000000000000000,	 1.50000000000000000000,	 7.06858347057703451100, 320961.18530716805253177881,	 1.90848337133540590926,	 0.40848337133540590926,	 11.44265050115567028399,	 352.54152626931778513608,	 30.80942883239440277521,	 234221.47732459913822822273,	 234696.08777708833804354072,	 0.00000000000000000000,	 0.00000000000000000000,	 -64.57363851346821093102,	 0.00000000000000000000,	 0.00000000000000000000,	 -3.22868192567341072419,	 0.05000000000000000278,	 0.04181583072737434653,	 0.00000000000000000000,	 0.00000000000000000000
5.82779999999999986926,	 2.00000000000000000000,	 1.50000000000000000000,	 7.06858347057703451100, 320961.18530716805253177881,	 1.90902670847981181801,	 0.40902670847981181801,	 11.44916677700991947120,	 353.29531984017671675247,	 30.85773198357093249911,	 234531.12767426820937544107,	 235007.22748585316003300250,	 0.00000000000000000000,	 0.00000000000000000000,	 -64.65646991003794141761,	 0.00000000000000000000,	 0.00000000000000000000,	 -3.23282349550189751497,	 0.05000000000000000971,	 0.04187542930678946757,	 0.00000000000000000000,	 0.00000000000000000000
5.82889999999999997016,	 2.00000000000000000000,	 1.50000000000000000000,	 7.06858347057703451100, 320961.18530716805253177881,	 1.90957032099286916349,	 0.40957032099286916349,	 11.45568821167986151011,	 353.99745002104776858687,	 30.90145641884029714674,	 234840.66731508384691551328,	 235318.11731948659871704876,	 0.00000000000000000000,	 0.00000000000000000000,	 -64.72965374278183503520,	 0.00000000000000000000,	 0.00000000000000000000,	 -3.23648268713909192940,	 0.05000000000000000278,	 0.04192879609665088603,	 0.00000000000000000000,	 0.00000000000000000000
5.83000000000000007105,	 2.00000000000000000000,	 1.50000000000000000000,	 7.06858347057703451100, 320961.18530716805253177881,	 1.91011412521046253232,	 0.41011412521046253232,	 11.46221380388381483328,	 354.64800254722615591163,	 30.94062007699232808022,	 235150.01892564777517691255,	 235628.67991102216183207929,	 0.00000000000000000000,	 0.00000000000000000000,	 -64.79323862092938668411,	 0.00000000000000000000,	 0.00000000000000000000,	 -3.23966193104646915657,	 0.04999999999999999584,	 0.04197595900663420726,	 0.00000000000000000000,	 0.00000000000000000000
5.83110000000000017195,	 2.00000000000000000000,	 1.50000000000000000000,	 7.06858347057703451100, 320961.18530716805253177881,	 1.91065802871224388326,	 0.41065802871224388326,	 11.46874244607881898617,	 355.24706542081389670784,	 30.97524136504376812695,	 235459.10099422416533343494,	 235938.83378303551580756903,	 0.00000000000000000000,	 0.00000000000000000000,	 -64.84727439356720424257,	 0.00000000000000000000,	 0.00000000000000000000,	 -3.24236371967836012331,	 0.04999999999999999584,	 0.04201694666693755326,	 0.00000000000000000000,	 0.00000000000000000000
5.83220000000000027285,	 2.00000000000000000000,	 1.50000000000000000000,	 7.06858347057703451100, 320961.18530716805253177881,	 1.91120193056047993352,	 0.41120193056047993352,	 11.47527292717844638048,	 355.79472814823378712390,	 31.00533908048119968726,	 235767.82810396753484383225,	 236248.49362971534719690681,	 0.00000000000000000000,	 0.00000000000000000000,	 -64.89181197381600441076,	 0.00000000000000000000,	 0.00000000000000000000,	 -3.24459059869080013172,	 0.04999999999999999584,	 0.04205178831864802430,	 0.00000000000000000000,	 0.00000000000000000000
5.83330000000000037375,	 2.00000000000000000000,	 1.50000000000000000000,	 7.06858347057703451100, 320961.18530716805253177881,	 1.91174572187366731413,	 0.41174572187366731413,	 11.48180393929713360990,	 356.29106882760436292301,	 31.03093126404795398798,	 236076.11373675527283921838,	 236557.57308431231649592519,	 0.00000000000000000000,	 0.00000000000000000000,	 -64.92690091365308546756,	 0.00000000000000000000,	 0.00000000000000000000,	 -3.24634504568265480628,	 0.05000000000000000971,	 0.04208051225004132839,	 0.00000000000000000000,	 0.00000000000000000000
5.83440000000000047464,	 2.00000000000000000000,	 1.50000000000000000000,	 7.06858347057703451100, 320961.18530716805253177881,	 1.91228928688661459212,	 0.41228928688661459212,	 11.48833409035202990367,	 356.73614613159890041061,	 31.05203446609269590795,	 236383.86954957287525758147,	 236865.98397181456675752997,	 0.00000000000000000000,	 0.00000000000000000000,	 -64.95258783078433850733,	 0.00000000000000000000,	 0.00000000000000000000,	 -3.24762939153921692537,	 0.05000000000000000278,	 0.04210314478940153926,	 0.00000000000000000000,	 0.00000000000000000000
5.83550000000000057554,	 2.00000000000000000000,	 1.50000000000000000000,	 7.06858347057703451100, 320961.18530716805253177881,	 1.91283250267760251973,	 0.41283250267760251973,	 11.49486190066748925176,	 357.13003379430085715285,	 31.06866675567131963476,	 236691.00082642212510108948,	 237173.63185340960626490414,	 0.00000000000000000000,	 0.00000000000000000000,	 -64.96892270950243641892,	 0.00000000000000000000,	 0.00000000000000000000,	 -3.24844613547512217622,	 0.05000000000000000278,	 0.04211971438722460215,	 0.00000000000000000000,	 0.00000000000000000000
5.83660000000000067644,	 2.00000000000000000000,	 1.50000000000000000000,	 7.06858347057703451100, 320961.18530716805253177881,	 1.91337523872379078327,	 0.41337523872379078327,	 11.50138579751015299735,	 357.47283004104519932298,	 31.08084854595798063315,	 236997.40810376426088623703,	 237480.41767693264409899712,	 0.00000000000000000000,	 0.00000000000000000000,	 -64.97596063109651254308,	 0.00000000000000000000,	 0.00000000000000000000,	 -3.24879803155482616006,	 0.05000000000000000971,	 0.04213025273668725285,	 0.00000000000000000000,	 0.00000000000000000000
5.83769999999999988916,	 2.00000000000000000000,	 1.50000000000000000000,	 7.06858347057703451100, 320961.18530716805253177881,	 1.91391735704126020323,	 0.41391735704126020323,	 11.50790411664674728343,	 357.76464864052621805968,	 31.08860180047921417668,	 237302.98872257987386547029,	 237786.23930353423929773271,	 0.00000000000000000000,	 0.00000000000000000000,	 -64.97376009701761745418,	 0.00000000000000000000,	 0.00000000000000000000,	 -3.24868800485088149443,	 0.05000000000000000971,	 0.04213479369209063852,	 0.00000000000000000000,	 0.00000000000000000000
5.83879999999999999005,	 2.00000000000000000000,	 1.50000000000000000000,	 7.06858347057703451100, 320961.18530716805253177881,	 1.91445871256829858176,	 0.41445871256829858176,	 11.51441510683216939981,	 358.00560811623103063539,	 31.09194907380102890215,	 237607.63746549558709375560,	 238090.99211409949930384755,	 0.00000000000000000000,	 0.00000000000000000000,	 -64.96238100029920303768,	 0.00000000000000000000,	 0.00000000000000000000,	 -3.24811905001496015188,	 0.05000000000000000278,	 0.04213337196106338445,	 0.00000000000000000000,	 0.00000000000000000000
5.83990000000000009095,	 2.00000000000000000000,	 1.50000000000000000000,	 7.06858347057703451100, 320961.18530716805253177881,	 1.91499915361225281352,	 0.41499915361225281352,	 11.52091693507190584000,	 358.19582296621365458122,	 31.09091272724969456931,	 237911.24693665996892377734,	 238394.56936376669909805059,	 0.00000000000000000000,	 0.00000000000000000000,	 -64.94188296345315336566,	 0.00000000000000000000,	 0.00000000000000000000,	 -3.24709414817265784592,	 0.05000000000000000278,	 0.04212602203419839320,	 0.00000000000000000000,	 0.00000000000000000000
5.84100000000000019185,	 2.00000000000000000000,	 1.50000000000000000000,	 7.06858347057703451100, 320961.18530716805253177881,	 1.91553852233853527665,	 0.41553852233853527665,	 11.52740769240283569275,	 358.33539767336674231046,	 31.08551438755207030340,	 238213.70800384346512146294,	 238696.86260621281689964235,	 0.00000000000000000000,	 0.00000000000000000000,	 -64.91232418464156239679,	 0.00000000000000000000,	 0.00000000000000000000,	 -3.24561620923207838629,	 0.05000000000000000278,	 0.04211277744410416024,	 0.00000000000000000000,	 0.00000000000000000000
5.84210000000000029274,	 2.00000000000000000000,	 1.50000000000000000000,	 7.06858347057703451100, 320961.18530716805253177881,	 1.91607665531204118814,	 0.41607665531204118814,	 11.53388540031696685162,	 358.42442388975121048134,	 31.07577468039531609634,	 238514.91027308395132422447,	 238997.76215907730511389673,	 0.00000000000000000000,	 0.00000000000000000000,	 -64.87376085761975730293,	 0.00000000000000000000,	 0.00000000000000000000,	 -3.24368804288098777633,	 0.04999999999999999584,	 0.04209367039679180050,	 0.00000000000000000000,	 0.00000000000000000000
5.84320000000000039364,	 2.00000000000000000000,	 1.50000000000000000000,	 7.06858347057703451100, 320961.18530716805253177881,	 1.91661338407529857619,	 0.41661338407529857619,	 11.54034801764077045050,	 358.46298086528486237512,	 31.06171324446475168202,	 238814.74247783172177150846,	 239297.15749267241335473955,	 0.00000000000000000000,	 0.00000000000000000000,	 -64.82624717650290335769,	 0.00000000000000000000,	 0.00000000000000000000,	 -3.24131235882514578961,	 0.05000000000000000971,	 0.04206873178274789238,	 0.00000000000000000000,	 0.00000000000000000000
5.84430000000000049454,	 2.00000000000000000000,	 1.50000000000000000000,	 7.06858347057703451100, 320961.18530716805253177881,	 1.91714853570722376652,	 0.41714853570722376652,	 11.54679344719491318472,	 358.45113923551411971857,	 31.04334903666207168271,	 239113.09260108144371770322,	 239594.93736078744404949248,	 0.00000000000000000000,	 0.00000000000000000000,	 -64.76983594849185976727,	 0.00000000000000000000,	 0.00000000000000000000,	 -3.23849179742459325482,	 0.05000000000000000278,	 0.04203799158244689999,	 0.00000000000000000000,	 0.00000000000000000000
5.84540000000000059543,	 2.00000000000000000000,	 1.50000000000000000000,	 7.06858347057703451100, 320961.18530716805253177881,	 1.91768193327941860460,	 0.41768193327941860460,	 11.55321954123320793428,	 358.38896780095586791504,	 31.02070089829703647410,	 239409.84767481932067312300,	 239890.98961693013552576303,	 0.00000000000000000000,	 0.00000000000000000000,	 -64.70457975322047161626,	 0.00000000000000000000,	 0.00000000000000000000,	 -3.23522898766102384727,	 0.05000000000000000278,	 0.04200147962594582424,	 0.00000000000000000000,	 0.00000000000000000000
5.84650000000000069633,	 2.00000000000000000000,	 1.50000000000000000000,	 7.06858347057703451100, 320961.18530716805253177881,	 1.91821339615988928351,	 0.41821339615988928351,	 11.55962410505435933317,	 358.27654141119455744047,	 30.99378821968274877463,	 239704.89342679281253367662,	 240185.20088089609635062516,	 0.00000000000000000000,	 0.00000000000000000000,	 -64.63053231038810508835,	 0.00000000000000000000,	 0.00000000000000000000,	 -3.23152661551940534324,	 0.05000000000000000278,	 0.04195922648669184185,	 0.00000000000000000000,	 0.00000000000000000000
5.84759999999999990905,	 2.00000000000000000000,	 1.50000000000000000000,	 7.06858347057703451100, 320961.18530716805253177881,	 1.91874274018554591414,	 0.41874274018554591414,	 11.56600489904047179834,	 358.11394702492901842561,	 30.96263144887985774290,	 239998.11403428277117200196,	 240477.45630740234628319740,	 0.00000000000000000000,	 0.00000000000000000000,	 -64.54774952453648495521,	 0.00000000000000000000,	 0.00000000000000000000,	 -3.22738747622682442540,	 0.05000000000000000278,	 0.04191126416502720387,	 0.00000000000000000000,	 0.00000000000000000000
5.84870000000000000995,	 2.00000000000000000000,	 1.50000000000000000000,	 7.06858347057703451100, 320961.18530716805253177881,	 1.91926977778304563849,	 0.41926977778304563849,	 11.57235964007881889870,	 357.90128550629805204153,	 30.92725223184131877474,	 240289.39216545125236734748,	 240767.63963075721403583884,	 0.00000000000000000000,	 0.00000000000000000000,	 -64.45628976154772260543,	 0.00000000000000000000,	 0.00000000000000000000,	 -3.22281448807738613027,	 0.05000000000000000278,	 0.04185762627279527442,	 0.00000000000000000000,	 0.00000000000000000000
5.84980000000000011084,	 2.00000000000000000000,	 1.50000000000000000000,	 7.06858347057703451100, 320961.18530716805253177881,	 1.91979431813146583785,	 0.41979431813146583785,	 11.57868600349348042755,	 357.63866849430155525624,	 30.88767312511938456510,	 240578.60933494201162829995,	 241055.63351048412732779980,	 0.00000000000000000000,	 0.00000000000000000000,	 -64.35621323263907811452,	 0.00000000000000000000,	 0.00000000000000000000,	 -3.21781066163195372809,	 0.04999999999999999584,	 0.04179834763889603982,	 0.00000000000000000000,	 0.00000000000000000000
5.85090000000000021174,	 2.00000000000000000000,	 1.50000000000000000000,	 7.06858347057703451100, 320961.18530716805253177881,	 1.92031616743227573352,	 0.42031616743227573352,	 11.58498162627777183786,	 357.32621169567380547960,	 30.84391699725827606926,	 240865.64647766316193155944,	 241341.32008553005289286375,	 0.00000000000000000000,	 0.00000000000000000000,	 -64.24758072729409263957,	 0.00000000000000000000,	 0.00000000000000000000,	 -3.21237903636470445434,	 0.04999999999999999584,	 0.04173346349276712414,	 0.00000000000000000000,	 0.00000000000000000000
5.85200000000000031264,	 2.00000000000000000000,	 1.50000000000000000000,	 7.06858347057703451100, 320961.18530716805253177881,	 1.92083512931689481817,	 0.42083512931689481817,	 11.59124411199559645524,	 356.96402680940411755728,	 30.79600630962362828313,	 241150.38465901665040291846,	 241624.58166132782935164869,	 0.00000000000000000000,	 0.00000000000000000000,	 -64.13045209262826062968,	 0.00000000000000000000,	 0.00000000000000000000,	 -3.20652260463141303148,	 0.05000000000000000278,	 0.04166300848393989648,	 0.00000000000000000000,	 0.00000000000000000000
5.85310000000000041354,	 2.00000000000000000000,	 1.50000000000000000000,	 7.06858347057703451100, 320961.18530716805253177881,	 1.92135100538559422390,	 0.42135100538559422390,	 11.59747103727946004881,	 356.55221464063481562334,	 30.74396249790290269743,	 241432.70576100656762719154,	 241905.30137604280025698245,	 0.00000000000000000000,	 0.00000000000000000000,	 -64.00488492051024991270,	 0.00000000000000000000,	 0.00000000000000000000,	 -3.20024424602551249563,	 0.05000000000000000278,	 0.04158701583717080985,	 0.00000000000000000000,	 0.00000000000000000000
5.85420000000000051443,	 2.00000000000000000000,	 1.50000000000000000000,	 7.06858347057703451100, 320961.18530716805253177881,	 1.92186359582861876483,	 0.42186359582861876483,	 11.60365995933492300196,	 356.09086154514045574615,	 30.68780564003619915070,	 241712.49301622720668092370,	 242183.36372372752521187067,	 0.00000000000000000000,	 0.00000000000000000000,	 -63.87093383035862359520,	 0.00000000000000000000,	 0.00000000000000000000,	 -3.19354669151793135740,	 0.05000000000000000278,	 0.04150551689481005863,	 0.00000000000000000000,	 0.00000000000000000000
5.85530000000000061533,	 2.00000000000000000000,	 1.50000000000000000000,	 7.06858347057703451100, 320961.18530716805253177881,	 1.92237270007303240327,	 0.42237270007303240327,	 11.60980842377074750971,	 355.58003971574117940690,	 30.62755445539491461204,	 241989.63138576067285612226,	 242458.65493171976413577795,	 0.00000000000000000000,	 0.00000000000000000000,	 -63.72865044167834724931,	 0.00000000000000000000,	 0.00000000000000000000,	 -3.18643252208391736247,	 0.05000000000000000278,	 0.04141854110727791888,	 0.00000000000000000000,	 0.00000000000000000000
5.85640000000000071623,	 2.00000000000000000000,	 1.50000000000000000000,	 7.06858347057703451100, 320961.18530716805253177881,	 1.92287811741521630360,	 0.42287811741521630360,	 11.61591397227100053158,	 355.01981037575421851216,	 30.56322655481453409720,	 242264.00782386912032961845,	 242731.06323258957127109170,	 0.00000000000000000000,	 0.00000000000000000000,	 -63.57808386919173671004,	 0.00000000000000000000,	 0.00000000000000000000,	 -3.17890419345958719077,	 0.05000000000000000278,	 0.04132611636297427171,	 0.00000000000000000000,	 0.00000000000000000000
5.85749999999999992895,	 2.00000000000000000000,	 1.50000000000000000000,	 7.06858347057703451100, 320961.18530716805253177881,	 1.92337964761612623121,	 0.42337964761612623121,	 11.62197414983185161930,	 354.41022833346522702413,	 30.49483880830976545440,	 242535.51146406205953098834,	 243000.47906103444984182715,	 0.00000000000000000000,	 0.00000000000000000000,	 -63.41928146345035344211,	 0.00000000000000000000,	 0.00000000000000000000,	 -3.17096407317251749447,	 0.04999999999999999584,	 0.04122826947752473298,	 0.00000000000000000000,	 0.00000000000000000000
5.85860000000000002984,	 2.00000000000000000000,	 1.50000000000000000000,	 7.06858347057703451100, 320961.18530716805253177881,	 1.92387709144633101133,	 0.42387709144633101133,	 11.62798651140504979651,	 353.75134648654767488551,	 30.42240770915743652836,	 242804.03374226874439045787,	 243266.79518767984700389206,	 0.00000000000000000000,	 0.00000000000000000000,	 -63.25228954472657960650,	 0.00000000000000000000,	 0.00000000000000000000,	 -3.16261447723632915796,	 0.05000000000000000278,	 0.04112502667838008330,	 0.00000000000000000000,	 0.00000000000000000000
5.85970000000000013074,	 2.00000000000000000000,	 1.50000000000000000000,	 7.06858347057703451100, 320961.18530716805253177881,	 1.92437025117264615126,	 0.42437025117264615126,	 11.63394862784771355280,	 353.04321938283879944720,	 30.34594965786366671523,	 243069.46846551724593155086,	 243529.90679583605378866196,	 0.00000000000000000000,	 0.00000000000000000000,	 -63.07715397153301495337,	 0.00000000000000000000,	 0.00000000000000000000,	 -3.15385769857665110294,	 0.05000000000000000278,	 0.04101641398149855067,	 0.00000000000000000000,	 0.00000000000000000000
5.86080000000000023164,	 2.00000000000000000000,	 1.50000000000000000000,	 7.06858347057703451100, 320961.18530716805253177881,	 1.92485893098241400700,	 0.42485893098241400700,	 11.63985809112904412643,	 352.28590549379055119061,	 30.26548113694567376797,	 243331.71184045850532129407,	 243789.71151468390598893166,	 0.00000000000000000000,	 0.00000000000000000000,	 -62.89392048382207178747,	 0.00000000000000000000,	 0.00000000000000000000,	 -3.14469602419110394464,	 0.05000000000000000278,	 0.04090245742097554232,	 0.00000000000000000000,	 0.00000000000000000000
5.86190000000000033253,	 2.00000000000000000000,	 1.50000000000000000000,	 7.06858347057703451100, 320961.18530716805253177881,	 1.92534293734853778624,	 0.42534293734853778624,	 11.64571251882991198556,	 351.47946820182392002607,	 30.18101877695486479070,	 243590.66249516364769078791,	 244046.10944237108924426138,	 0.00000000000000000000,	 0.00000000000000000000,	 -62.70263482207129612789,	 0.00000000000000000000,	 0.00000000000000000000,	 -3.13513174110356507285,	 0.05000000000000000278,	 0.04078318313230173964,	 0.00000000000000000000,	 0.00000000000000000000
5.86300000000000043343,	 2.00000000000000000000,	 1.50000000000000000000,	 7.06858347057703451100, 320961.18530716805253177881,	 1.92582207934729221499,	 0.42582207934729221499,	 11.65150955807916766105,	 350.62397572168691795014,	 30.09257933265513429433,	 243846.22151649615261703730,	 244299.00318194221472367644,	 0.00000000000000000000,	 0.00000000000000000000,	 -62.50334266154895601630,	 0.00000000000000000000,	 0.00000000000000000000,	 -3.12516713307744797845,	 0.05000000000000000278,	 0.04065861731480869407,	 0.00000000000000000000,	 0.00000000000000000000
5.86410000000000053433,	 2.00000000000000000000,	 1.50000000000000000000,	 7.06858347057703451100, 320961.18530716805253177881,	 1.92629616893373745157,	 0.42629616893373745157,	 11.65724688898384009406,	 349.71950068679535661431,	 30.00017963223221428848,	 244098.29245215994887985289,	 244548.29784114303765818477,	 0.00000000000000000000,	 0.00000000000000000000,	 -62.29608949248590477055,	 0.00000000000000000000,	 0.00000000000000000000,	 -3.11480447462429532735,	 0.05000000000000000278,	 0.04052878615829755282,	 0.00000000000000000000,	 0.00000000000000000000
5.86520000000000063523,	 2.00000000000000000000,	 1.50000000000000000000,	 7.06858347057703451100, 320961.18530716805253177881,	 1.92676502116424663846,	 0.42676502116424663846,	 11.66292222742501749622,	 348.76612023970329801159,	 29.90383657190048438679,	 244346.78123978176154196262,	 244793.90096064121462404728,	 0.00000000000000000000,	 0.00000000000000000000,	 -62.08092059680658536536,	 0.00000000000000000000,	 0.00000000000000000000,	 -3.10404602984032962354,	 0.05000000000000000278,	 0.04039371583173975711,	 0.00000000000000000000,	 0.00000000000000000000
5.86629999999999984794,	 2.00000000000000000000,	 1.50000000000000000000,	 7.06858347057703451100, 320961.18530716805253177881,	 1.92722845436020873144,	 0.42722845436020873144,	 11.66853332714608626475,	 347.76391676031352062637,	 29.80356716737169620046,	 244591.59611337224487215281,	 245035.72242132225073873997,	 0.00000000000000000000,	 0.00000000000000000000,	 -61.85788114521322000883,	 0.00000000000000000000,	 0.00000000000000000000,	 -3.09289405726066135571,	 0.05000000000000000278,	 0.04025343254953438199,	 0.00000000000000000000,	 0.00000000000000000000
5.86739999999999994884,	 2.00000000000000000000,	 1.50000000000000000000,	 7.06858347057703451100, 320961.18530716805253177881,	 1.92768629022947024509,	 0.42768629022947024509,	 11.67407798133254104300,	 346.71297859372145921952,	 29.69938860680334613562,	 244832.64757657554582692683,	 245273.67441838450031355023,	 0.00000000000000000000,	 0.00000000000000000000,	 -61.62701629893927446346,	 0.00000000000000000000,	 0.00000000000000000000,	 -3.08135081494696416726,	 0.05000000000000000971,	 0.04010796264028251845,	 0.00000000000000000000,	 0.00000000000000000000
5.86850000000000004974,	 2.00000000000000000000,	 1.50000000000000000000,	 7.06858347057703451100, 320961.18530716805253177881,	 1.92813835397998101229,	 0.42813835397998101229,	 11.67955402409976706224,	 345.61339998375973436850,	 29.59131823617715539854,	 245069.84849883505376055837,	 245507.67155631241621449590,	 0.00000000000000000000,	 0.00000000000000000000,	 -61.38837117180105451553,	 0.00000000000000000000,	 0.00000000000000000000,	 -3.06941855859005308105,	 0.05000000000000000278,	 0.03995733252447514899,	 0.00000000000000000000,	 0.00000000000000000000
5.86960000000000015064,	 2.00000000000000000000,	 1.50000000000000000000,	 7.06858347057703451100, 320961.18530716805253177881,	 1.92858447446089154020,	 0.42858447446089154020,	 11.68495933231557337706,	 344.46527986502525209289,	 29.47937344654528502019,	 245303.11432942427927628160,	 245737.63105882471427321434,	 0.00000000000000000000,	 0.00000000000000000000,	 -61.14199058827502142321,	 0.00000000000000000000,	 0.00000000000000000000,	 -3.05709952941375107116,	 0.05000000000000000278,	 0.03980156855954327527,	 0.00000000000000000000,	 0.00000000000000000000
5.87070000000000025153,	 2.00000000000000000000,	 1.50000000000000000000,	 7.06858347057703451100, 320961.18530716805253177881,	 1.92902448435175277730,	 0.42902448435175277730,	 11.69029182800806587750,	 343.26871982470584043767,	 29.36357148948916773179,	 245532.36337719592847861350,	 245963.47304250509478151798,	 0.00000000000000000000,	 0.00000000000000000000,	 -60.88791869193255479331,	 0.00000000000000000000,	 0.00000000000000000000,	 -3.04439593459662782848,	 0.05000000000000000278,	 0.03964069678773910615,	 0.00000000000000000000,	 0.00000000000000000000
5.87180000000000035243,	 2.00000000000000000000,	 1.50000000000000000000,	 7.06858347057703451100, 320961.18530716805253177881,	 1.92945822039999370645,	 0.42945822039999370645,	 11.69554948136162408900,	 342.02382200261070011038,	 29.24392928674878078255,	 245757.51708852950832806528,	 246185.12078859368921257555,	 0.00000000000000000000,	 0.00000000000000000000,	 -60.62619854123870766216,	 0.00000000000000000000,	 0.00000000000000000000,	 -3.03130992706193547193,	 0.05000000000000000278,	 0.03947474267596845499,	 0.00000000000000000000,	 0.00000000000000000000
5.87290000000000045333,	 2.00000000000000000000,	 1.50000000000000000000,	 7.06858347057703451100, 320961.18530716805253177881,	 1.92988552369038157686,	 0.42988552369038157686,	 11.70073031410407793373,	 340.73068772735234688298,	 29.12046330275940775323,	 245978.50027289439458400011,	 246402.50096437806496396661,	 0.00000000000000000000,	 0.00000000000000000000,	 -60.35687183574378167350,	 0.00000000000000000000,	 0.00000000000000000000,	 -3.01784359178718908368,	 0.05000000000000000278,	 0.03930373094053058597,	 0.00000000000000000000,	 0.00000000000000000000
5.87400000000000055422,	 2.00000000000000000000,	 1.50000000000000000000,	 7.06858347057703451100, 320961.18530716805253177881,	 1.93030623992309657844,	 0.43030623992309657844,	 11.70583240300183724969,	 339.38941735664366206038,	 28.99318952060263754333,	 246195.24125197302782908082,	 246615.54377126181498169899,	 0.00000000000000000000,	 0.00000000000000000000,	 -60.07997885715320052213,	 0.00000000000000000000,	 0.00000000000000000000,	 -3.00399894285766011492,	 0.05000000000000000278,	 0.03912768551160965280,	 0.00000000000000000000,	 0.00000000000000000000
5.87510000000000065512,	 2.00000000000000000000,	 1.50000000000000000000,	 7.06858347057703451100, 320961.18530716805253177881,	 1.93072021967687357247,	 0.43072021967687357247,	 11.71085388317712983053,	 338.00011136752192442145,	 28.86212352568634642580,	 246407.67192594526568427682,	 246824.18301315125427208841,	 0.00000000000000000000,	 0.00000000000000000000,	 -59.79555863462542930620,	 0.00000000000000000000,	 0.00000000000000000000,	 -2.98977793173127137649,	 0.04999999999999999584,	 0.03894662964347390260,	 0.00000000000000000000,	 0.00000000000000000000
5.87619999999999986784,	 2.00000000000000000000,	 1.50000000000000000000,	 7.06858347057703451100, 320961.18530716805253177881,	 1.93112731863823516854,	 0.43112731863823516854,	 11.71579295101643936050,	 336.56287236330325640665,	 28.72728066896263499075,	 246615.72776851343223825097,	 247028.35609583009500056505,	 0.00000000000000000000,	 0.00000000000000000000,	 -59.50364927615467536270,	 0.00000000000000000000,	 0.00000000000000000000,	 -2.97518246380773376814,	 0.05000000000000000278,	 0.03876058613242767958,	 0.00000000000000000000,	 0.00000000000000000000
5.87729999999999996874,	 2.00000000000000000000,	 1.50000000000000000000,	 7.06858347057703451100, 320961.18530716805253177881,	 1.93152739778607918097,	 0.43152739778607918097,	 11.72064786653882606515,	 335.07780742885324798408,	 28.58867626127254624180,	 246819.34777431073598563671,	 247228.00397949665784835815,	 0.00000000000000000000,	 0.00000000000000000000,	 -59.20428836586206244874,	 0.00000000000000000000,	 0.00000000000000000000,	 -2.96021441829310294480,	 0.04999999999999999584,	 0.03856957757722952879,	 0.00000000000000000000,	 0.00000000000000000000
5.87840000000000006963,	 2.00000000000000000000,	 1.50000000000000000000,	 7.06858347057703451100, 320961.18530716805253177881,	 1.93192032352894349501,	 0.43192032352894349501,	 11.72541695519050009011,	 333.54503027207186960368,	 28.44632575086561843136,	 247018.47438055035308934748,	 247423.07110491252387873828,	 0.00000000000000000000,	 0.00000000000000000000,	 -58.89751332788739546231,	 0.00000000000000000000,	 0.00000000000000000000,	 -2.94487566639437003957,	 0.05000000000000000278,	 0.03837362661728269814,	 0.00000000000000000000,	 0.00000000000000000000
5.87950000000000017053,	 2.00000000000000000000,	 1.50000000000000000000,	 7.06858347057703451100, 320961.18530716805253177881,	 1.93230596779761887305,	 0.43230596779761887305,	 11.73009860909695234454,	 331.96466278140695749244,	 28.30024485249944632415,	 247213.05337786677409894764,	 247613.50530722248367965221,	 0.00000000000000000000,	 0.00000000000000000000,	 -58.58336169143061766817,	 0.00000000000000000000,	 0.00000000000000000000,	 -2.92916808457153088341,	 0.05000000000000000278,	 0.03817275610596653629,	 0.00000000000000000000,	 0.00000000000000000000
5.88060000000000027143,	 2.00000000000000000000,	 1.50000000000000000000,	 7.06858347057703451100, 320961.18530716805253177881,	 1.93268420809847762953,	 0.43268420809847762953,	 11.73469128783676218575,	 330.33683588275607689866,	 28.15044961814689372659,	 247403.03381913204793818295,	 247799.25772598397452384233,	 0.00000000000000000000,	 0.00000000000000000000,	 -58.26187123626049668701,	 0.00000000000000000000,	 0.00000000000000000000,	 -2.91309356181302492317,	 0.05000000000000000278,	 0.03796698920564525737,	 0.00000000000000000000,	 0.00000000000000000000
5.88170000000000037232,	 2.00000000000000000000,	 1.50000000000000000000,	 7.06858347057703451100, 320961.18530716805253177881,	 1.93305492753381691351,	 0.43305492753381691351,	 11.73919351881272099547,	 328.66168978988241633488,	 27.99695645728844084488,	 247588.36793132257298566401,	 247980.28271675822907127440,	 0.00000000000000000000,	 0.00000000000000000000,	 -57.93308003514795956335,	 0.00000000000000000000,	 0.00000000000000000000,	 -2.89665400175739806699,	 0.05000000000000000278,	 0.03775634941509656284,	 0.00000000000000000000,	 0.00000000000000000000
5.88280000000000047322,	 2.00000000000000000000,	 1.50000000000000000000,	 7.06858347057703451100, 320961.18530716805253177881,	 1.93341801479576824718,	 0.43341801479576824718,	 11.74360389729913833889,	 326.93937385208607793174,	 27.83978212406137586754,	 247769.01103432726813480258,	 248156.53776868488057516515,	 0.00000000000000000000,	 0.00000000000000000000,	 -57.59702642887014434336,	 0.00000000000000000000,	 0.00000000000000000000,	 -2.87985132144350730599,	 0.05000000000000000278,	 0.03754086055262238764,	 0.00000000000000000000,	 0.00000000000000000000
5.88390000000000057412,	 2.00000000000000000000,	 1.50000000000000000000,	 7.06858347057703451100, 320961.18530716805253177881,	 1.93377336413970701834,	 0.43377336413970701834,	 11.74792108623682906909,	 325.17004623629810566854,	 27.67894369134366527874,	 247944.92146590570337139070,	 248327.98342783999396488070,	 0.00000000000000000000,	 0.00000000000000000000,	 -57.25374897519579064920,	 0.00000000000000000000,	 0.00000000000000000000,	 -2.86268744875978953246,	 0.05000000000000000278,	 0.03732054672187454930,	 0.00000000000000000000,	 0.00000000000000000000
5.88500000000000067502,	 2.00000000000000000000,	 1.50000000000000000000,	 7.06858347057703451100, 320961.18530716805253177881,	 1.93412087534227050689,	 0.43412087534227050689,	 11.75214381583742806470,	 323.35387360886460328402,	 27.51445852569522898534,	 248116.06051919946912676096,	 248494.58323318057227879763,	 0.00000000000000000000,	 0.00000000000000000000,	 -56.90328640049687436431,	 0.00000000000000000000,	 0.00000000000000000000,	 -2.84516432002484398467,	 0.05000000000000000278,	 0.03709543227911779595,	 0.00000000000000000000,	 0.00000000000000000000
5.88609999999999988773,	 2.00000000000000000000,	 1.50000000000000000000,	 7.06858347057703451100, 320961.18530716805253177881,	 1.93446045365800411986,	 0.43446045365800411986,	 11.75627088316709745186,	 321.49103059718794384025,	 27.34634424403288477379,	 248282.39244335910188965499,	 248656.30371511567500419915,	 0.00000000000000000000,	 0.00000000000000000000,	 -56.54567751399994079975,	 0.00000000000000000000,	 0.00000000000000000000,	 -2.82728387569999695117,	 0.04999999999999999584,	 0.03686554177600540050,	 0.00000000000000000000,	 0.00000000000000000000
5.88719999999999998863,	 2.00000000000000000000,	 1.50000000000000000000,	 7.06858347057703451100, 320961.18530716805253177881,	 1.93479200978941823230,	 0.43479200978941823230,	 11.76030115188927283043,	 319.58169895758737766300,	 27.17461864539473026525,	 248443.88450861396268010139,	 248813.11445787528646178544,	 0.00000000000000000000,	 0.00000000000000000000,	 -56.18096107054400789593,	 0.00000000000000000000,	 0.00000000000000000000,	 -2.80904805352720066125,	 0.05000000000000000278,	 0.03663089986878154125,	 0.00000000000000000000,	 0.00000000000000000000
5.88830000000000008953,	 2.00000000000000000000,	 1.50000000000000000000,	 7.06858347057703451100, 320961.18530716805253177881,	 1.93511545987183186668,	 0.43511545987183186668,	 11.76423355218321731286,	 317.62606740034692620611,	 26.99929969865326029321,	 248600.50686227536061778665,	 248964.98795438421075232327,	 0.00000000000000000000,	 0.00000000000000000000,	 -55.80917574900983879616,	 0.00000000000000000000,	 0.00000000000000000000,	 -2.79045878745049202863,	 0.05000000000000000278,	 0.03639153130290624649,	 0.00000000000000000000,	 0.00000000000000000000
5.88940000000000019043,	 2.00000000000000000000,	 1.50000000000000000000,	 7.06858347057703451100, 320961.18530716805253177881,	 1.93543072525044013155,	 0.43543072525044013155,	 11.76806707813210728375,	 315.62433861006661572901,	 26.82040614780080289847,	 248752.23130299797048792243,	 249111.89839596446836367249,	 0.00000000000000000000,	 0.00000000000000000000,	 -55.43036141338575362170,	 0.00000000000000000000,	 0.00000000000000000000,	 -2.77151807066928768108,	 0.05000000000000000278,	 0.03614746173207232516,	 0.00000000000000000000,	 0.00000000000000000000
5.89050000000000029132,	 2.00000000000000000000,	 1.50000000000000000000,	 7.06858347057703451100, 320961.18530716805253177881,	 1.93573723074116110787,	 0.43573723074116110787,	 11.77179468536492024100,	 313.57677630569014581852,	 26.63797532041049365148,	 248894.80263196915620937943,	 249249.59349655456026084721,	 0.00000000000000000000,	 0.00000000000000000000,	 -55.04461018236707303686,	 0.00000000000000000000,	 0.00000000000000000000,	 -2.75223050911835365184,	 0.05000000000000000278,	 0.03589874637113531219,	 0.00000000000000000000,	 0.00000000000000000000
5.89160000000000039222,	 2.00000000000000000000,	 1.50000000000000000000,	 7.06858347057703451100, 320961.18530716805253177881,	 1.93603417851515113846,	 0.43603417851515113846,	 11.77540661811121402991,	 311.48455631887003391967,	 26.45212742291122864913,	 249032.61308605247177183628,	 249382.47060865143430419266,	 0.00000000000000000000,	 0.00000000000000000000,	 -54.65219099220406206996,	 0.00000000000000000000,	 0.00000000000000000000,	 -2.73260954961020319232,	 0.05000000000000000278,	 0.03564555393992274029,	 0.00000000000000000000,	 0.00000000000000000000
5.89270000000000049312,	 2.00000000000000000000,	 1.50000000000000000000,	 7.06858347057703451100, 320961.18530716805253177881,	 1.93632208098614833069,	 0.43632208098614833069,	 11.77890905703655910486,	 309.34668654231091977636,	 26.26276211526664638995,	 249166.52154223556863144040,	 249511.38787919710739515722,	 0.00000000000000000000,	 0.00000000000000000000,	 -54.25287946288625562374,	 0.00000000000000000000,	 0.00000000000000000000,	 -2.71264397314431304764,	 0.05000000000000000278,	 0.03538774368323097802,	 0.00000000000000000000,	 0.00000000000000000000
5.89380000000000059401,	 2.00000000000000000000,	 1.50000000000000000000,	 7.06858347057703451100, 320961.18530716805253177881,	 1.93660112720584920432,	 0.43660112720584920432,	 11.78230425343901721646,	 307.16223857383937456689,	 26.06979347729752660712,	 249295.59910784076782874763,	 249635.41617381523246876895,	 0.00000000000000000000,	 0.00000000000000000000,	 -53.84649035067189970505,	 0.00000000000000000000,	 0.00000000000000000000,	 -2.69232451753359525171,	 0.05000000000000000278,	 0.03512519732244646226,	 0.00000000000000000000,	 0.00000000000000000000
5.89490000000000069491,	 2.00000000000000000000,	 1.50000000000000000000,	 7.06858347057703451100, 320961.18530716805253177881,	 1.93687136268310688969,	 0.43687136268310688969,	 11.78559271456568424696,	 304.93103261222586297663,	 25.87320298582564603862,	 249419.92165125365136191249,	 249754.63296762653044424951,	 0.00000000000000000000,	 0.00000000000000000000,	 -53.43298163071406747804,	 0.00000000000000000000,	 0.00000000000000000000,	 -2.67164908153570346272,	 0.05000000000000000278,	 0.03485788869369533388,	 0.00000000000000000000,	 0.00000000000000000000
5.89599999999999990763,	 2.00000000000000000000,	 1.50000000000000000000,	 7.06858347057703451100, 320961.18530716805253177881,	 1.93713284680778152769,	 0.43713284680778152769,	 11.78877511839186986720,	 302.65350282430188144644,	 25.67302368437981030524,	 249539.39496094838250428438,	 249868.94703349773772060871,	 0.00000000000000000000,	 0.00000000000000000000,	 -53.01241724683284672892,	 0.00000000000000000000,	 0.00000000000000000000,	 -2.65062086234164251408,	 0.05000000000000000278,	 0.03458586093409397877,	 0.00000000000000000000,	 0.00000000000000000000
5.89710000000000000853,	 2.00000000000000000000,	 1.50000000000000000000,	 7.06858347057703451100, 320961.18530716805253177881,	 1.93738559983685965094,	 0.43738559983685965094,	 11.79185166837073062140,	 300.33041055383699813319,	 25.46931720311686930813,	 249653.95218273124191910028,	 249978.29524212772957980633,	 0.00000000000000000000,	 0.00000000000000000000,	 -52.58492105084614820498,	 0.00000000000000000000,	 0.00000000000000000000,	 -2.62924605254230758788,	 0.05000000000000000278,	 0.03430919597751323769,	 0.00000000000000000000,	 0.00000000000000000000
5.89820000000000010942,	 2.00000000000000000000,	 1.50000000000000000000,	 7.06858347057703451100, 320961.18530716805253177881,	 1.93762962824872153611,	 0.43762962824872153611,	 11.79482240177580010254,	 297.96258396659055733835,	 25.26215095207622951534,	 249763.56713936617597937584,	 250082.65527472892426885664,	 0.00000000000000000000,	 0.00000000000000000000,	 -52.15062896185953889017,	 0.00000000000000000000,	 0.00000000000000000000,	 -2.60753144809297721096,	 0.05000000000000000278,	 0.03402798358652819183,	 0.00000000000000000000,	 0.00000000000000000000
5.89930000000000021032,	 2.00000000000000000000,	 1.50000000000000000000,	 7.06858347057703451100, 320961.18530716805253177881,	 1.93786493147197735887,	 0.43786493147197735887,	 11.79768727151812868215,	 295.55076723038689578971,	 25.05158514787071055707,	 249868.21756354250828735530,	 250182.00852275302167981863,	 0.00000000000000000000,	 0.00000000000000000000,	 -51.70966199144096009377,	 0.00000000000000000000,	 0.00000000000000000000,	 -2.58548309957204791587,	 0.04999999999999999584,	 0.03374230381450745581,	 0.00000000000000000000,	 0.00000000000000000000
5.90040000000000031122,	 2.00000000000000000000,	 1.50000000000000000000,	 7.06858347057703451100, 320961.18530716805253177881,	 1.93809150234941163227,	 0.43809150234941163227,	 11.80044615174216637854,	 293.09556592260969409836,	 24.83766818251514507665,	 249967.87657595184282399714,	 250276.33145632420200854540,	 0.00000000000000000000,	 0.00000000000000000000,	 -51.26211668005601040932,	 0.00000000000000000000,	 0.00000000000000000000,	 -2.56310583400280078692,	 0.05000000000000000278,	 0.03345222076646549303,	 0.00000000000000000000,	 0.00000000000000000000
5.90150000000000041211,	 2.00000000000000000000,	 1.50000000000000000000,	 7.06858347057703451100, 320961.18530716805253177881,	 1.93830932754905749249,	 0.43830932754905749249,	 11.80309884278737087016,	 290.59743695057704826468,	 24.62043577040406816536,	 250062.51938389282440766692,	 250365.60231265512993559241,	 0.00000000000000000000,	 0.00000000000000000000,	 -50.80806333741576708007,	 0.00000000000000000000,	 0.00000000000000000000,	 -2.54040316687078870928,	 0.05000000000000000971,	 0.03315778145049026043,	 0.00000000000000000000,	 0.00000000000000000000
5.90260000000000051301,	 2.00000000000000000000,	 1.50000000000000000000,	 7.06858347057703451100, 320961.18530716805253177881,	 1.93851839078748788836,	 0.43851839078748788836,	 11.80564511041150765891,	 288.05666702236567289219,	 24.39990905438330059951,	 250152.13000706775346770883,	 250449.80778799884137697518,	 0.00000000000000000000,	 0.00000000000000000000,	 -50.34754206169026957696,	 0.00000000000000000000,	 0.00000000000000000000,	 -2.51737710308451356767,	 0.05000000000000000278,	 0.03285901320347783122,	 0.00000000000000000000,	 0.00000000000000000000
5.90370000000000061391,	 2.00000000000000000000,	 1.50000000000000000000,	 7.06858347057703451100, 320961.18530716805253177881,	 1.93871867323777502534,	 0.43871867323777502534,	 11.80808469074888478190,	 285.47350443993076396509,	 24.17610577129300963861,	 250236.68713003897573798895,	 250528.92917517136083915830,	 0.00000000000000000000,	 0.00000000000000000000,	 -49.88058578074658555579,	 0.00000000000000000000,	 0.00000000000000000000,	 -2.49402928903732945543,	 0.05000000000000000278,	 0.03255593872824123075,	 0.00000000000000000000,	 0.00000000000000000000
5.90480000000000071481,	 2.00000000000000000000,	 1.50000000000000000000,	 7.06858347057703451100, 320961.18530716805253177881,	 1.93891015352313456077,	 0.43891015352313456077,	 11.81041729022660824455,	 282.84826420179342676420,	 23.94904915306056736313,	 250316.17256845920928753912,	 250602.95104612706927582622,	 0.00000000000000000000,	 0.00000000000000000000,	 -49.40723861710348785437,	 0.00000000000000000000,	 0.00000000000000000000,	 -2.47036193085517474799,	 0.05000000000000000971,	 0.03224858807989402359,	 0.00000000000000000000,	 0.00000000000000000000
5.90589999999999992752,	 2.00000000000000000000,	 1.50000000000000000000,	 7.06858347057703451100, 320961.18530716805253177881,	 1.93909281014046164238,	 0.43909281014046164238,	 11.81264261508792401401,	 280.18130670584719155158,	 23.71876605730713194475,	 250390.57786190672777593136,	 250671.86779354736790992320,	 0.00000000000000000000,	 0.00000000000000000000,	 -48.92755196300071673932,	 0.00000000000000000000,	 0.00000000000000000000,	 -2.44637759815003574815,	 0.04999999999999999584,	 0.03193699612632178164,	 0.00000000000000000000,	 0.00000000000000000000
5.90700000000000002842,	 2.00000000000000000000,	 1.50000000000000000000,	 7.06858347057703451100, 320961.18530716805253177881,	 1.93926662418320217007,	 0.43926662418320217007,	 11.81476040458093201835,	 277.47298187561887061747,	 23.48528217026173336990,	 250459.90339132319786585867,	 250735.68263063160702586174,	 0.00000000000000000000,	 0.00000000000000000000,	 -48.44157451563108907067,	 0.00000000000000000000,	 0.00000000000000000000,	 -2.42207872578155436472,	 0.04999999999999999584,	 0.03162119606637586039,	 0.00000000000000000000,	 0.00000000000000000000
5.90810000000000012932,	 2.00000000000000000000,	 1.50000000000000000000,	 7.06858347057703451100, 320961.18530716805253177881,	 1.93943158063680365366,	 0.43943158063680365366,	 11.81677044677009469353,	 274.72361310614087415161,	 23.24862062300886123012,	 250524.15383192847366444767,	 250794.40301236478262580931,	 0.00000000000000000000,	 0.00000000000000000000,	 -47.94934939726057621101,	 0.00000000000000000000,	 0.00000000000000000000,	 -2.39746746986302872173,	 0.04999999999999999584,	 0.03130121755836413888,	 0.00000000000000000000,	 0.00000000000000000000
5.90920000000000023022,	 2.00000000000000000000,	 1.50000000000000000000,	 7.06858347057703451100, 320961.18530716805253177881,	 1.93958766897899526072,	 0.43958766897899526072,	 11.81867258588132685304,	 271.93349782381216073190,	 23.00880203320514283405,	 250583.34168461192166432738,	 250848.04417011354235000908,	 0.00000000000000000000,	 0.00000000000000000000,	 -47.45091423543034636623,	 0.00000000000000000000,	 0.00000000000000000000,	 -2.37254571177151740713,	 0.05000000000000000278,	 0.03097708677431259411,	 0.00000000000000000000,	 0.00000000000000000000
5.91030000000000033111,	 2.00000000000000000000,	 1.50000000000000000000,	 7.06858347057703451100, 320961.18530716805253177881,	 1.93973488443226438349,	 0.43973488443226438349,	 11.82046673759594845876,	 269.10290907489235223693,	 22.76584461923054547583,	 250637.47530462066060863435,	 250896.61714523413684219122,	 0.00000000000000000000,	 0.00000000000000000000,	 -46.94630137745616593747,	 0.00000000000000000000,	 0.00000000000000000000,	 -2.34731506887280838569,	 0.05000000000000000278,	 0.03064882654682437105,	 0.00000000000000000000,	 0.00000000000000000000
5.91140000000000043201,	 2.00000000000000000000,	 1.50000000000000000000,	 7.06858347057703451100, 320961.18530716805253177881,	 1.93987322608674461755,	 0.43987322608674461755,	 11.82215286620218996916,	 266.23216224691879006059,	 22.51976989809002560605,	 250686.57849028470809571445,	 250940.14850841616862453520,	 0.00000000000000000000,	 0.00000000000000000000,	 -46.43554969521089503814,	 0.00000000000000000000,	 0.00000000000000000000,	 -2.32177748476054457427,	 0.04999999999999999584,	 0.03031646405789048537,	 0.00000000000000000000,	 0.00000000000000000000
5.91250000000000053291,	 2.00000000000000000000,	 1.50000000000000000000,	 7.06858347057703451100, 320961.18530716805253177881,	 1.94000270206944480655,	 0.44000270206944480655,	 11.82373104762337057139,	 263.32148144656611066239,	 22.27059126987627735161,	 250730.68172521202359348536,	 250978.67134296696167439222,	 0.00000000000000000000,	 0.00000000000000000000,	 -45.91868092991774830125,	 0.00000000000000000000,	 0.00000000000000000000,	 -2.29593404649588750388,	 0.05000000000000000278,	 0.02998001543310140418,	 0.00000000000000000000,	 0.00000000000000000000
5.91360000000000063380,	 2.00000000000000000000,	 1.50000000000000000000,	 7.06858347057703451100, 320961.18530716805253177881,	 1.94012332584422497739,	 0.44012332584422497739,	 11.82520142434877286064,	 260.37117496724857801382,	 22.01832895895788055896,	 250769.80374855641275644302,	 251012.20715362884220667183,	 0.00000000000000000000,	 0.00000000000000000000,	 -45.39573060259317571763,	 0.00000000000000000000,	 0.00000000000000000000,	 -2.26978653012965869706,	 0.04999999999999999584,	 0.02963950588896361801,	 0.00000000000000000000,	 0.00000000000000000000
5.91469999999999984652,	 2.00000000000000000000,	 1.50000000000000000000,	 7.06858347057703451100, 320961.18530716805253177881,	 1.94023528945328727069,	 0.44023528945328727069,	 11.82656631741016184378,	 257.38380554195168770093,	 21.76318963882619428318,	 250805.31603997686761431396,	 251042.13425160461338236928,	 0.00000000000000000000,	 0.00000000000000000000,	 -44.86711432809481436834,	 0.00000000000000000000,	 0.00000000000000000000,	 -2.24335571640474107369,	 0.05000000000000000971,	 0.02929521021773808659,	 0.00000000000000000000,	 0.00000000000000000000
5.91579999999999994742,	 2.00000000000000000000,	 1.50000000000000000000,	 7.06858347057703451100, 320961.18530716805253177881,	 1.94033887553683759286,	 0.44033887553683759286,	 11.82782915434085957429,	 254.35969891853108038049,	 21.50518878818773416128,	 250836.27559558843495324254,	 251067.51216799623216502368,	 0.00000000000000000000,	 0.00000000000000000000,	 -44.33285146077970750866,	 0.00000000000000000000,	 0.00000000000000000000,	 -2.21664257303898537543,	 0.05000000000000000278,	 0.02894714516236871968,	 0.00000000000000000000,	 0.00000000000000000000
5.91690000000000004832,	 2.00000000000000000000,	 1.50000000000000000000,	 7.06858347057703451100, 320961.18530716805253177881,	 1.94043450550044882519,	 0.44043450550044882519,	 11.82899505660566497056,	 251.29637339687502617380,	 21.24410164974611348043,	 250869.09919700140017084777,	 251094.75512445377535186708,	 0.00000000000000000000,	 0.00000000000000000000,	 -43.79246316126942417668,	 0.00000000000000000000,	 0.00000000000000000000,	 -2.18962315806347129765,	 0.05000000000000000278,	 0.02859500313172242889,	 0.00000000000000000000,	 0.00000000000000000000
5.91800000000000014921,	 2.00000000000000000000,	 1.50000000000000000000,	 7.06858347057703451100, 320961.18530716805253177881,	 1.94052419380366014678,	 0.44052419380366014678,	 11.83008857149691195332,	 248.17976371035692295663,	 20.97869024483167166295,	 250896.56204518166487105191,	 251116.61476737595512531698,	 0.00000000000000000000,	 0.00000000000000000000,	 -43.24334695093066471827,	 0.00000000000000000000,	 0.00000000000000000000,	 -2.16216734754653305828,	 0.04999999999999999584,	 0.02823710129252506376,	 0.00000000000000000000,	 0.00000000000000000000
5.91910000000000025011,	 2.00000000000000000000,	 1.50000000000000000000,	 7.06858347057703451100, 320961.18530716805253177881,	 1.94060607001972829089,	 0.44060607001972829089,	 11.83108688249466311504,	 245.01375917039493401717,	 20.70931957510332921402,	 250916.34639431486721150577,	 251130.78435294673545286059,	 0.00000000000000000000,	 0.00000000000000000000,	 -42.68629248365237316420,	 0.00000000000000000000,	 0.00000000000000000000,	 -2.13431462418261874703,	 0.05000000000000000278,	 0.02787394310756077451,	 0.00000000000000000000,	 0.00000000000000000000
5.92020000000000035101,	 2.00000000000000000000,	 1.50000000000000000000,	 7.06858347057703451100, 320961.18530716805253177881,	 1.94067964160915384930,	 0.44067964160915384930,	 11.83198397168734139484,	 241.80076338200902341669,	 20.43619767915610196951,	 250929.76540789063437841833,	 251138.58449568139621987939,	 0.00000000000000000000,	 0.00000000000000000000,	 -42.12173352261482506265,	 0.00000000000000000000,	 0.00000000000000000000,	 -2.10608667613074107550,	 0.04999999999999999584,	 0.02750581020956078399,	 0.00000000000000000000,	 0.00000000000000000000
5.92130000000000045191,	 2.00000000000000000000,	 1.50000000000000000000,	 7.06858347057703451100, 320961.18530716805253177881,	 1.94074442306455474672,	 0.44074442306455474672,	 11.83277390725281641437,	 238.54455897330041125315,	 20.15964818081127774008,	 250936.82218907642527483404,	 251140.02789646346354857087,	 0.00000000000000000000,	 0.00000000000000000000,	 -41.55034107783847474593,	 0.00000000000000000000,	 0.00000000000000000000,	 -2.07751705389192409257,	 0.05000000000000000971,	 0.02713313947812158802,	 0.00000000000000000000,	 0.00000000000000000000
5.92240000000000055280,	 2.00000000000000000000,	 1.50000000000000000000,	 7.06858347057703451100, 320961.18530716805253177881,	 1.94080157957544119363,	 0.44080157957544119363,	 11.83347088725873241799,	 235.25271143274676433066,	 19.88027973145619853312,	 250950.68880266568157821894,	 251148.30156376614468172193,	 0.00000000000000000000,	 0.00000000000000000000,	 -40.97333790465091141186,	 0.00000000000000000000,	 0.00000000000000000000,	 -2.04866689523254574823,	 0.05000000000000000278,	 0.02675673975346605157,	 0.00000000000000000000,	 0.00000000000000000000
5.92350000000000065370,	 2.00000000000000000000,	 1.50000000000000000000,	 7.06858347057703451100, 320961.18530716805253177881,	 1.94085345597667524586,	 0.44085345597667524586,	 11.83410349812888284760,	 231.93950625459734737888,	 19.59924605114953166662,	 250959.51903041044715791941,	 251151.58425329718738794327,	 0.00000000000000000000,	 0.00000000000000000000,	 -40.39304665851097553286,	 0.00000000000000000000,	 0.00000000000000000000,	 -2.01965233292554913191,	 0.05000000000000000971,	 0.02637814580976973258,	 0.00000000000000000000,	 0.00000000000000000000
5.92459999999999986642,	 2.00000000000000000000,	 1.50000000000000000000,	 7.06858347057703451100, 320961.18530716805253177881,	 1.94089839088737692308,	 0.44089839088737692308,	 11.83465147411133422395,	 228.60777269321351923281,	 19.31681496436968004105,	 250960.52570618793834000826,	 251147.09537637178436852992,	 0.00000000000000000000,	 0.00000000000000000000,	 -39.81004890325669975937,	 0.00000000000000000000,	 0.00000000000000000000,	 -1.99050244516283525442,	 0.05000000000000000971,	 0.02599772776932656598,	 0.00000000000000000000,	 0.00000000000000000000
5.92569999999999996732,	 2.00000000000000000000,	 1.50000000000000000000,	 7.06858347057703451100, 320961.18530716805253177881,	 1.94093568249312098395,	 0.44093568249312098395,	 11.83510625051669151730,	 225.25528367887636704836,	 19.03280620476409268349,	 250955.67661809586570598185,	 251136.80047410991392098367,	 0.00000000000000000000,	 0.00000000000000000000,	 -39.22398125076779251685,	 0.00000000000000000000,	 0.00000000000000000000,	 -1.96119906253838971466,	 0.05000000000000000278,	 0.02561524567306074085,	 0.00000000000000000000,	 0.00000000000000000000
5.92680000000000006821,	 2.00000000000000000000,	 1.50000000000000000000,	 7.06858347057703451100, 320961.18530716805253177881,	 1.94096481247703134265,	 0.44096481247703134265,	 11.83546150086821313607,	 221.87999102050844157930,	 18.74705021044021080456,	 250943.94015215476974844933,	 251119.66609795115073211491,	 0.00000000000000000000,	 0.00000000000000000000,	 -38.63449783309671659026,	 0.00000000000000000000,	 0.00000000000000000000,	 -1.93172489165483596274,	 0.05000000000000000278,	 0.02523047248575577967,	 0.00000000000000000000,	 0.00000000000000000000
5.92790000000000016911,	 2.00000000000000000000,	 1.50000000000000000000,	 7.06858347057703451100, 320961.18530716805253177881,	 1.94098637093061876513,	 0.44098637093061876513,	 11.83572441718985146508,	 218.47735595389616491957,	 18.45914523293447118135,	 250934.69183210562914609909,	 251105.06185347092105075717,	 0.00000000000000000000,	 0.00000000000000000000,	 -38.04075187624137299736,	 0.00000000000000000000,	 0.00000000000000000000,	 -1.90203759381206882750,	 0.05000000000000000278,	 0.02484286136948882923,	 0.00000000000000000000,	 0.00000000000000000000
5.92900000000000027001,	 2.00000000000000000000,	 1.50000000000000000000,	 7.06858347057703451100, 320961.18530716805253177881,	 1.94100068603604425377,	 0.44100068603604425377,	 11.83589899880479023864,	 215.04035395537675867672,	 18.16848504512347517448,	 250915.55106982955476269126,	 251080.59799424698576331139,	 0.00000000000000000000,	 0.00000000000000000000,	 -37.44148093471840610391,	 0.00000000000000000000,	 0.00000000000000000000,	 -1.87207404673592048283,	 0.05000000000000000278,	 0.02445159216015870690,	 0.00000000000000000000,	 0.00000000000000000000
5.93010000000000037090,	 2.00000000000000000000,	 1.50000000000000000000,	 7.06858347057703451100, 320961.18530716805253177881,	 1.94100508513289193857,	 0.44100508513289193857,	 11.83595264878580266554,	 211.56858267969275289033,	 17.87507849665118797589,	 250880.45545592153212055564,	 251040.21467155223945155740,	 0.00000000000000000000,	 0.00000000000000000000,	 -36.83674738116899050056,	 0.00000000000000000000,	 0.00000000000000000000,	 -1.84183736905844952503,	 0.05000000000000000278,	 0.02405669117994170894,	 0.00000000000000000000,	 0.00000000000000000000
5.93120000000000047180,	 2.00000000000000000000,	 1.50000000000000000000,	 7.06858347057703451100, 320961.18530716805253177881,	 1.94099909598553188594,	 0.44099909598553188594,	 11.83587960708618602723,	 208.06304430308370001512,	 17.57900985901508761344,	 250845.66295147209893912077,	 251000.17374528376967646182,	 0.00000000000000000000,	 0.00000000000000000000,	 -36.22672446447367633482,	 0.00000000000000000000,	 0.00000000000000000000,	 -1.81133622322368381674,	 0.05000000000000000278,	 0.02365827170746633012,	 0.00000000000000000000,	 0.00000000000000000000
5.93230000000000057270,	 2.00000000000000000000,	 1.50000000000000000000,	 7.06858347057703451100, 320961.18530716805253177881,	 1.94098403045465595085,	 0.44098403045465595085,	 11.83569587375212783797,	 204.52931077637967405281,	 17.28071699019925944185,	 250807.13921774804475717247,	 250956.45080759571283124387,	 0.00000000000000000000,	 0.00000000000000000000,	 -35.61228061449104131952,	 0.00000000000000000000,	 0.00000000000000000000,	 -1.78061403072455215479,	 0.05000000000000000278,	 0.02325691195155924276,	 0.00000000000000000000,	 0.00000000000000000000
5.93340000000000067359,	 2.00000000000000000000,	 1.50000000000000000000,	 7.06858347057703451100, 320961.18530716805253177881,	 1.94095968496497883748,	 0.44095968496497883748,	 11.83539896867706531225,	 200.97389687006761960220,	 16.98074542328098957000,	 250761.23352327637257985771,	 250905.40638084150850772858,	 0.00000000000000000000,	 0.00000000000000000000,	 -34.99453503298781953390,	 0.00000000000000000000,	 0.00000000000000000000,	 -1.74972675164939128756,	 0.05000000000000000971,	 0.02285334446131481734,	 0.00000000000000000000,	 0.00000000000000000000
5.93449999999999988631,	 2.00000000000000000000,	 1.50000000000000000000,	 7.06858347057703451100, 320961.18530716805253177881,	 1.94092562887642006153,	 0.44092562887642006153,	 11.83498364437907390823,	 197.39650484394425689061,	 16.67906866417141742431,	 250709.72252837920677848160,	 250848.81819413127959705889,	 0.00000000000000000000,	 0.00000000000000000000,	 -34.37343176065275685005,	 0.00000000000000000000,	 0.00000000000000000000,	 -1.71867158803263797573,	 0.05000000000000000278,	 0.02244753313508646500,	 0.00000000000000000000,	 0.00000000000000000000
5.93559999999999998721,	 2.00000000000000000000,	 1.50000000000000000000,	 7.06858347057703451100, 320961.18530716805253177881,	 1.94088185824308179228,	 0.44088185824308179228,	 11.83444985897188317381,	 193.79448729370054138599,	 16.37545383208344773607,	 250649.10670738547923974693,	 250783.18445148883620277047,	 0.00000000000000000000,	 0.00000000000000000000,	 -33.74848141845537696781,	 0.00000000000000000000,	 0.00000000000000000000,	 -1.68742407092276902603,	 0.05000000000000000278,	 0.02203916146587487843,	 0.00000000000000000000,	 0.00000000000000000000
5.93670000000000008811,	 2.00000000000000000000,	 1.50000000000000000000,	 7.06858347057703451100, 320961.18530716805253177881,	 1.94082555453069072193,	 0.44082555453069072193,	 11.83376324964166670384,	 190.17336347645871796885,	 16.07040460964243777653,	 250574.71205056959297508001,	 250703.84100272841169498861,	 0.00000000000000000000,	 0.00000000000000000000,	 -33.12076053847798107199,	 0.00000000000000000000,	 0.00000000000000000000,	 -1.65603802692389923124,	 0.05000000000000000278,	 0.02162891990640208872,	 0.00000000000000000000,	 0.00000000000000000000
5.93780000000000018900,	 2.00000000000000000000,	 1.50000000000000000000,	 7.06858347057703451100, 320961.18530716805253177881,	 1.94075762794936457212,	 0.44075762794936457212,	 11.83293492891660037003,	 186.53700547120558894676,	 15.76422135267201518616,	 250499.54413202538853511214,	 250623.79946945339906960726,	 0.00000000000000000000,	 0.00000000000000000000,	 -32.49086052920218037343,	 0.00000000000000000000,	 0.00000000000000000000,	 -1.62454302646010928513,	 0.05000000000000000971,	 0.02121720368051668512,	 0.00000000000000000000,	 0.00000000000000000000
5.93890000000000028990,	 2.00000000000000000000,	 1.50000000000000000000,	 7.06858347057703451100, 320961.18530716805253177881,	 1.94067918826179908187,	 0.44067918826179908187,	 11.83197844372910090271,	 182.88170536922362430232,	 15.45656174400403592983,	 250420.86682973391725681722,	 250540.31948020702111534774,	 0.00000000000000000000,	 0.00000000000000000000,	 -31.85804606447695874749,	 0.00000000000000000000,	 0.00000000000000000000,	 -1.59290230322384807060,	 0.05000000000000000278,	 0.02080354232989422084,	 0.00000000000000000000,	 0.00000000000000000000
5.94000000000000039080,	 2.00000000000000000000,	 1.50000000000000000000,	 7.06858347057703451100, 320961.18530716805253177881,	 1.94059076053037582454,	 0.44059076053037582454,	 11.83090021175607908788,	 179.20201501016026668367,	 15.14694670757949346296,	 250337.81111243829946033657,	 250452.52610971941612660885,	 0.00000000000000000000,	 0.00000000000000000000,	 -31.22131057336320836271,	 0.00000000000000000000,	 0.00000000000000000000,	 -1.56106552866816050695,	 0.05000000000000000278,	 0.02038728479959921527,	 0.00000000000000000000,	 0.00000000000000000000
5.94110000000000049170,	 2.00000000000000000000,	 1.50000000000000000000,	 7.06858347057703451100, 320961.18530716805253177881,	 1.94049264291279799366,	 0.44049264291279799366,	 11.82970388492585733786,	 175.49364520766550867847,	 14.83499899192661963809,	 250250.01786180349881760776,	 250360.05645934873609803617,	 0.00000000000000000000,	 0.00000000000000000000,	 -30.57986134831901026132,	 0.00000000000000000000,	 0.00000000000000000000,	 -1.52899306741595042425,	 0.04999999999999999584,	 0.01996791838663519031,	 0.00000000000000000000,	 0.00000000000000000000
5.94220000000000059259,	 2.00000000000000000000,	 1.50000000000000000000,	 7.06858347057703451100, 320961.18530716805253177881,	 1.94038369072548833039,	 0.44038369072548833039,	 11.82837552541337977630,	 171.74847500675969058648,	 14.52003909055444097476,	 250149.57634645843063481152,	 250254.99211405403912067413,	 0.00000000000000000000,	 0.00000000000000000000,	 -29.93230495588334960644,	 0.00000000000000000000,	 0.00000000000000000000,	 -1.49661524779416743591,	 0.04999999999999999584,	 0.01954453084032458515,	 0.00000000000000000000,	 0.00000000000000000000
5.94330000000000069349,	 2.00000000000000000000,	 1.50000000000000000000,	 7.06858347057703451100, 320961.18530716805253177881,	 1.94026430026227170167,	 0.44026430026227170167,	 11.82691998670303590302,	 167.96091484298486307125,	 14.20157699822292940439,	 250049.18678385246312245727,	 250150.02917847069329582155,	 0.00000000000000000000,	 0.00000000000000000000,	 -29.27761335670249920327,	 0.00000000000000000000,	 0.00000000000000000000,	 -1.46388066783512504898,	 0.05000000000000000278,	 0.01911645674094923988,	 0.00000000000000000000,	 0.00000000000000000000
5.94439999999999990621,	 2.00000000000000000000,	 1.50000000000000000000,	 7.06858347057703451100, 320961.18530716805253177881,	 1.94013552871463823557,	 0.44013552871463823557,	 11.82535017969074253585,	 164.13450168638840409585,	 13.87988509365909273185,	 249945.30730630064499564469,	 250041.63291140724322758615,	 0.00000000000000000000,	 0.00000000000000000000,	 -28.61632063993936370139,	 0.00000000000000000000,	 0.00000000000000000000,	 -1.43081603199696827389,	 0.05000000000000000278,	 0.01868405377026446587,	 0.00000000000000000000,	 0.00000000000000000000
5.94550000000000000711,	 2.00000000000000000000,	 1.50000000000000000000,	 7.06858347057703451100, 320961.18530716805253177881,	 1.93999768680465600745,	 0.43999768680465600745,	 11.82366991465146099927,	 160.27432047362049161165,	 13.55537845952671460736,	 249836.85161705402424558997,	 249928.72575964452698826790,	 0.00000000000000000000,	 0.00000000000000000000,	 -27.94926726300090891186,	 0.00000000000000000000,	 0.00000000000000000000,	 -1.39746336315004549000,	 0.05000000000000000278,	 0.01824787567566711274,	 0.00000000000000000000,	 0.00000000000000000000
5.94660000000000010800,	 2.00000000000000000000,	 1.50000000000000000000,	 7.06858347057703451100, 320961.18530716805253177881,	 1.93985088262599791875,	 0.43985088262599791875,	 11.82188053264582627833,	 156.38584997301410339787,	 13.22850874200246806822,	 249723.52443901749211363494,	 249811.02116078609833493829,	 0.00000000000000000000,	 0.00000000000000000000,	 -27.27737242172941733998,	 0.00000000000000000000,	 0.00000000000000000000,	 -1.36386862108647100023,	 0.05000000000000000278,	 0.01780852651914086732,	 0.00000000000000000000,	 0.00000000000000000000
5.94770000000000020890,	 2.00000000000000000000,	 1.50000000000000000000,	 7.06858347057703451100, 320961.18530716805253177881,	 1.93969516297146271633,	 0.43969516297146271633,	 11.81998262875971938968,	 152.47411820803176851769,	 12.89969054920946156528,	 249605.22117202659137547016,	 249688.42218015927937813103,	 0.00000000000000000000,	 0.00000000000000000000,	 -26.60148005823376138324,	 0.00000000000000000000,	 0.00000000000000000000,	 -1.33007400291168820239,	 0.05000000000000000278,	 0.01736656086678673230,	 0.00000000000000000000,	 0.00000000000000000000
5.94880000000000030980,	 2.00000000000000000000,	 1.50000000000000000000,	 7.06858347057703451100, 320961.18530716805253177881,	 1.93953054143527126030,	 0.43953054143527126030,	 11.81797639482727824145,	 148.54319798003544406129,	 12.56925830762809148666,	 249481.84267352108145132661,	 249560.83580072302720509470,	 0.00000000000000000000,	 0.00000000000000000000,	 -25.92226941335343681772,	 0.00000000000000000000,	 0.00000000000000000000,	 -1.29611347066767179648,	 0.04999999999999999584,	 0.01692242554964076134,	 0.00000000000000000000,	 0.00000000000000000000
5.94990000000000041069,	 2.00000000000000000000,	 1.50000000000000000000,	 7.06858347057703451100, 320961.18530716805253177881,	 1.93935699838431241382,	 0.43935699838431241382,	 11.81586161923530475804,	 144.59595464970706757413,	 12.23744482707177994030,	 249353.26383908124989829957,	 249428.14136702904943376780,	 0.00000000000000000000,	 0.00000000000000000000,	 -25.24021072400151766146,	 0.00000000000000000000,	 0.00000000000000000000,	 -1.26201053620007597189,	 0.05000000000000000278,	 0.01647643077361908223,	 0.00000000000000000000,	 0.00000000000000000000
5.95100000000000051159,	 2.00000000000000000000,	 1.50000000000000000000,	 7.06858347057703451100, 320961.18530716805253177881,	 1.93917448105901057964,	 0.43917448105901057964,	 11.81363768833509375611,	 140.63401346284388182539,	 11.90437841188471068676,	 249219.34959203115431591868,	 249290.20670471782796084881,	 0.00000000000000000000,	 0.00000000000000000000,	 -24.55555913748114349460,	 0.00000000000000000000,	 0.00000000000000000000,	 -1.22777795687405721914,	 0.05000000000000000278,	 0.01602874618846430316,	 0.00000000000000000000,	 0.00000000000000000000
5.95210000000000061249,	 2.00000000000000000000,	 1.50000000000000000000,	 7.06858347057703451100, 320961.18530716805253177881,	 1.93898290936608241886,	 0.43898290936608241886,	 11.81130365722587072241,	 136.65792621900340009233,	 11.57009676365397510267,	 249079.97576733079040423036,	 249146.90933689093799330294,	 0.00000000000000000000,	 0.00000000000000000000,	 -23.86838317710932244609,	 0.00000000000000000000,	 0.00000000000000000000,	 -1.19341915885546634435,	 0.05000000000000000971,	 0.01557941953798785452,	 0.00000000000000000000,	 0.00000000000000000000
5.95320000000000071338,	 2.00000000000000000000,	 1.50000000000000000000,	 7.06858347057703451100, 320961.18530716805253177881,	 1.93878199044978538623,	 0.43878199044978538623,	 11.80885599111450190435,	 132.66994325120961661924,	 11.23478373781814809718,	 248933.46542946880799718201,	 248996.57561228657141327858,	 0.00000000000000000000,	 0.00000000000000000000,	 -23.17905528968060480111,	 0.00000000000000000000,	 0.00000000000000000000,	 -1.15895276448403028446,	 0.05000000000000000278,	 0.01512869615490714317,	 0.00000000000000000000,	 0.00000000000000000000
5.95429999999999992610,	 2.00000000000000000000,	 1.50000000000000000000,	 7.06858347057703451100, 320961.18530716805253177881,	 1.93857127086071745481,	 0.43857127086071745481,	 11.80628920220420674525,	 128.66968554375975486437,	 10.89840197373256103219,	 248780.72364320734050124884,	 248840.11122599788359366357,	 0.00000000000000000000,	 0.00000000000000000000,	 -22.48749300590576538639,	 0.00000000000000000000,	 0.00000000000000000000,	 -1.12437465029528849136,	 0.05000000000000000971,	 0.01467652396872518895,	 0.00000000000000000000,	 0.00000000000000000000
5.95540000000000002700,	 2.00000000000000000000,	 1.50000000000000000000,	 7.06858347057703451100, 320961.18530716805253177881,	 1.93835073049061556993,	 0.43835073049061556993,	 11.80360308452408979463,	 124.65528038935210020099,	 10.56078211853716197766,	 248622.44276498921681195498,	 248678.20782446683733724058,	 0.00000000000000000000,	 0.00000000000000000000,	 -21.79333585488756952486,	 0.00000000000000000000,	 0.00000000000000000000,	 -1.08966679274437860947,	 0.05000000000000000278,	 0.01422267131503645622,	 0.00000000000000000000,	 0.00000000000000000000
5.95650000000000012790,	 2.00000000000000000000,	 1.50000000000000000000,	 7.06858347057703451100, 320961.18530716805253177881,	 1.93812035182099462460,	 0.43812035182099462460,	 11.80079746556743636177,	 120.62608463099290645459,	 10.22185873310322534735,	 248458.37727810055366717279,	 248510.62047608030843548477,	 0.00000000000000000000,	 0.00000000000000000000,	 -21.09643753237326180283,	 0.00000000000000000000,	 0.00000000000000000000,	 -1.05482187661866300132,	 0.04999999999999999584,	 0.01376704638677859333,	 0.00000000000000000000,	 0.00000000000000000000
5.95760000000000022879,	 2.00000000000000000000,	 1.50000000000000000000,	 7.06858347057703451100, 320961.18530716805253177881,	 1.93788005624761838774,	 0.43788005624761838774,	 11.79787143096753787574,	 116.58171567761297637844,	 9.88158892557554935365,	 248288.35838244418846443295,	 248337.18128229121793992817,	 0.00000000000000000000,	 0.00000000000000000000,	 -20.39669874039490338191,	 0.00000000000000000000,	 0.00000000000000000000,	 -1.01983493701974525791,	 0.05000000000000000278,	 0.01330958789863504778,	 0.00000000000000000000,	 0.00000000000000000000
5.95870000000000032969,	 2.00000000000000000000,	 1.50000000000000000000,	 7.06858347057703451100, 320961.18530716805253177881,	 1.93762975764824418867,	 0.43762975764824418867,	 11.79482397714852837112,	 112.52173331380093657117,	 9.53992476121748467222,	 248112.37353471919777803123,	 248157.87861694404273293912,	 0.00000000000000000000,	 0.00000000000000000000,	 -19.69400959819353502667,	 0.00000000000000000000,	 0.00000000000000000000,	 -0.98470047990967679574,	 0.05000000000000000278,	 0.01285022771685826945,	 0.00000000000000000000,	 0.00000000000000000000
5.95980000000000043059,	 2.00000000000000000000,	 1.50000000000000000000,	 7.06858347057703451100, 320961.18530716805253177881,	 1.93736938923200718854,	 0.43736938923200718854,	 11.79165433826960907027,	 108.44593089746416580965,	 9.19683767743299540598,	 247930.45334234982146881521,	 247972.74425398235325701535,	 0.00000000000000000000,	 0.00000000000000000000,	 -18.98829976059178648029,	 0.00000000000000000000,	 0.00000000000000000000,	 -0.94941498802958934622,	 0.05000000000000000278,	 0.01238892365375525266,	 0.00000000000000000000,	 0.00000000000000000000
5.96090000000000053149,	 2.00000000000000000000,	 1.50000000000000000000,	 7.06858347057703451100, 320961.18530716805253177881,	 1.93709889933970602627,	 0.43709889933970602627,	 11.78836193499974882570,	 104.35459852147387493915,	 8.85234090171970144922,	 247742.60140359099023044109,	 247781.78337331113289110363,	 0.00000000000000000000,	 0.00000000000000000000,	 -18.27958480537503760388,	 0.00000000000000000000,	 0.00000000000000000000,	 -0.91397924026875199122,	 0.05000000000000000278,	 0.01192568969995026762,	 0.00000000000000000000,	 0.00000000000000000000
5.96200000000000063238,	 2.00000000000000000000,	 1.50000000000000000000,	 7.06858347057703451100, 320961.18530716805253177881,	 1.93681824226223531227,	 0.43681824226223531227,	 11.78494626269261402740,	 100.24846186262593050742,	 8.50648442750907030074,	 247548.80284601423772983253,	 247584.98298467195127159357,	 0.00000000000000000000,	 0.00000000000000000000,	 -17.56795602580313797603,	 0.00000000000000000000,	 0.00000000000000000000,	 -0.87839780129015698762,	 0.05000000000000000278,	 0.01146058931053370485,	 0.00000000000000000000,	 0.00000000000000000000
5.96309999999999984510,	 2.00000000000000000000,	 1.50000000000000000000,	 7.06858347057703451100, 320961.18530716805253177881,	 1.93652737496587090682,	 0.43652737496587090682,	 11.78140685151982580692,	 96.12849567946717854738,	 8.15933927848917406322,	 247349.04122016354813240469,	 247382.32862889429088681936,	 0.00000000000000000000,	 0.00000000000000000000,	 -16.85354802409229435511,	 0.00000000000000000000,	 0.00000000000000000000,	 -0.84267740120461476216,	 0.05000000000000000278,	 0.01099371423465401142,	 0.00000000000000000000,	 0.00000000000000000000
5.96419999999999994600,	 2.00000000000000000000,	 1.50000000000000000000,	 7.06858347057703451100, 320961.18530716805253177881,	 1.93622625774344769845,	 0.43622625774344769845,	 11.77774327439693990982,	 91.99572634987077890401,	 7.81098078015130337093,	 247143.30682104951119981706,	 247173.81253142346395179629,	 0.00000000000000000000,	 0.00000000000000000000,	 -16.13650418986574308633,	 0.00000000000000000000,	 0.00000000000000000000,	 -0.80682520949328728754,	 0.05000000000000000971,	 0.01052516198645411273,	 0.00000000000000000000,	 0.00000000000000000000
5.96530000000000004690,	 2.00000000000000000000,	 1.50000000000000000000,	 7.06858347057703451100, 320961.18530716805253177881,	 1.93591485561674692129,	 0.43591485561674692129,	 11.77395516403680453266,	 87.85109357106561844830,	 7.46147682296295577942,	 246931.59612563770497217774,	 246959.43294382750173099339,	 0.00000000000000000000,	 0.00000000000000000000,	 -15.41695245803744995783,	 0.00000000000000000000,	 0.00000000000000000000,	 -0.77084762290187258671,	 0.05000000000000000278,	 0.01005502003149282876,	 0.00000000000000000000,	 0.00000000000000000000
5.96640000000000014779,	 2.00000000000000000000,	 1.50000000000000000000,	 7.06858347057703451100, 320961.18530716805253177881,	 1.93559313851435588205,	 0.43559313851435588205,	 11.77004221509045578387,	 83.69539718783246939893,	 7.11088334759972173771,	 246713.90637479774886742234,	 246739.18870578933274373412,	 0.00000000000000000000,	 0.00000000000000000000,	 -14.69499598052430577866,	 0.00000000000000000000,	 0.00000000000000000000,	 -0.73474979902621528893,	 0.05000000000000000278,	 0.00958335970279850652,	 0.00000000000000000000,	 0.00000000000000000000
5.96750000000000024869,	 2.00000000000000000000,	 1.50000000000000000000,	 7.06858347057703451100, 320961.18530716805253177881,	 1.93526107978919936770,	 0.43526107978919936770,	 11.76600416609233334952,	 79.52931590764087843581,	 6.75924594152627733479,	 246490.22964138872339390218,	 246513.07334423775319010019,	 0.00000000000000000000,	 0.00000000000000000000,	 -13.97071643121668316212,	 0.00000000000000000000,	 0.00000000000000000000,	 -0.69853582156083415811,	 0.05000000000000000278,	 0.00911023835446259610,	 0.00000000000000000000,	 0.00000000000000000000
5.96860000000000034959,	 2.00000000000000000000,	 1.50000000000000000000,	 7.06858347057703451100, 320961.18530716805253177881,	 1.93491865352293879177,	 0.43491865352293879177,	 11.76184076667133737715,	 75.35346953656365087681,	 6.40660514212088560981,	 246260.54819598305039107800,	 246281.07049070656648837030,	 0.00000000000000000000,	 0.00000000000000000000,	 -13.24418497998615507072,	 0.00000000000000000000,	 0.00000000000000000000,	 -0.66220924899930777574,	 0.05000000000000000278,	 0.00863570651357802033,	 0.00000000000000000000,	 0.00000000000000000000
5.96970000000000045048,	 2.00000000000000000000,	 1.50000000000000000000,	 7.06858347057703451100, 320961.18530716805253177881,	 1.93456583140966675849,	 0.43456583140966675849,	 11.75755173968064326573,	 71.16848642669383195880,	 6.05300218977619408633,	 246024.83302458011894486845,	 246043.15244233483099378645,	 0.00000000000000000000,	 0.00000000000000000000,	 -12.51547420408129696057,	 0.00000000000000000000,	 0.00000000000000000000,	 -0.62577371020406491464,	 0.05000000000000000278,	 0.00815981564105155467,	 0.00000000000000000000,	 0.00000000000000000000
5.97080000000000055138,	 2.00000000000000000000,	 1.50000000000000000000,	 7.06858347057703451100, 320961.18530716805253177881,	 1.93420258042335446724,	 0.43420258042335446724,	 11.75313675289446102568,	 66.97504020573698824137,	 5.69848216811081975663,	 245783.04689096627407707274,	 245799.28324047641945071518,	 0.00000000000000000000,	 0.00000000000000000000,	 -11.78466459674259425583,	 0.00000000000000000000,	 0.00000000000000000000,	 -0.58923322983712977940,	 0.05000000000000000278,	 0.00768262236999930730,	 0.00000000000000000000,	 0.00000000000000000000
5.97190000000000065228,	 2.00000000000000000000,	 1.50000000000000000000,	 7.06858347057703451100, 320961.18530716805253177881,	 1.93382886218081551100,	 0.43382886218081551100,	 11.74859541134159357512,	 62.77384533852439574275,	 5.34309363295677020034,	 245535.15022894719731993973,	 245549.42455373247503302991,	 0.00000000000000000000,	 0.00000000000000000000,	 -11.05184380572593560998,	 0.00000000000000000000,	 0.00000000000000000000,	 -0.55259219028629680270,	 0.05000000000000000278,	 0.00720418800749875795,	 0.00000000000000000000,	 0.00000000000000000000
5.97299999999999986500,	 2.00000000000000000000,	 1.50000000000000000000,	 7.06858347057703451100, 320961.18530716805253177881,	 1.93344463406833200203,	 0.43344463406833200203,	 11.74392727107822942401,	 58.56562386523152241580,	 4.98688577623101370051,	 245281.10698769157170318067,	 245293.54150256415596231818,	 0.00000000000000000000,	 0.00000000000000000000,	 -10.31710076070327453124,	 0.00000000000000000000,	 0.00000000000000000000,	 -0.51585503803516374877,	 0.05000000000000000278,	 0.00672457470860901747,	 0.00000000000000000000,	 0.00000000000000000000
5.97409999999999996589,	 2.00000000000000000000,	 1.50000000000000000000,	 7.06858347057703451100, 320961.18530716805253177881,	 1.93304985148108610105,	 0.43304985148108610105,	 11.73913186646520401268,	 54.35106600304963109238,	 4.62990505782736416762,	 245020.88824536974425427616,	 245031.60625579199404455721,	 0.00000000000000000000,	 0.00000000000000000000,	 -9.58051869025513447298,	 0.00000000000000000000,	 0.00000000000000000000,	 -0.47902593451275676806,	 0.05000000000000000278,	 0.00624384092984335733,	 0.00000000000000000000,	 0.00000000000000000000
5.97520000000000006679,	 2.00000000000000000000,	 1.50000000000000000000,	 7.06858347057703451100, 320961.18530716805253177881,	 1.93264447024866448110,	 0.43264447024866448110,	 11.73420873967484290290,	 50.13080468079265727965,	 4.27219302067586959026,	 244754.47288545864284969866,	 244763.59870206160121597350,	 0.00000000000000000000,	 0.00000000000000000000,	 -8.84217058324480476017,	 0.00000000000000000000,	 0.00000000000000000000,	 -0.44210852916224024911,	 0.05000000000000000278,	 0.00576203847697871058,	 0.00000000000000000000,	 0.00000000000000000000
5.97630000000000016769,	 2.00000000000000000000,	 1.50000000000000000000,	 7.06858347057703451100, 320961.18530716805253177881,	 1.93222844849443675663,	 0.43222844849443675663,	 11.72915746328880537419,	 45.90541312899826920102,	 3.91378607309843262740,	 244481.84601226603263057768,	 244489.50487297901418060064,	 0.00000000000000000000,	 0.00000000000000000000,	 -8.10211872441479741269,	 0.00000000000000000000,	 0.00000000000000000000,	 -0.40510593622073987063,	 0.05000000000000000278,	 0.00527921220703787396,	 0.00000000000000000000,	 0.00000000000000000000
5.97740000000000026859,	 2.00000000000000000000,	 1.50000000000000000000,	 7.06858347057703451100, 320961.18530716805253177881,	 1.93180174760106182497,	 0.43180174760106182497,	 11.72397765201599462159,	 41.67542264234948135027,	 3.55471699787684203287,	 244202.99645573628367856145,	 244209.31446220379439182580,	 0.00000000000000000000,	 0.00000000000000000000,	 -7.36041781159197761042,	 0.00000000000000000000,	 0.00000000000000000000,	 -0.36802089057959891383,	 0.05000000000000000278,	 0.00479540206169492417,	 0.00000000000000000000,	 0.00000000000000000000
5.97850000000000036948,	 2.00000000000000000000,	 1.50000000000000000000,	 7.06858347057703451100, 320961.18530716805253177881,	 1.93136433237020721521,	 0.43136433237020721521,	 11.71866896461404472518,	 37.44135017815192156831,	 3.19501730880961476444,	 243917.91458898576092906296,	 243923.01865678754984401166,	 0.00000000000000000000,	 0.00000000000000000000,	 -6.61711983650154422776,	 0.00000000000000000000,	 0.00000000000000000000,	 -0.33085599182507718918,	 0.04999999999999999584,	 0.00431064624683044108,	 0.00000000000000000000,	 0.00000000000000000000
5.97960000000000047038,	 2.00000000000000000000,	 1.50000000000000000000,	 7.06858347057703451100, 320961.18530716805253177881,	 1.93091617069870657986,	 0.43091617069870657986,	 11.71323109993817013219,	 33.20372434882481371687,	 2.83471947795856982211,	 243626.59108439323608763516,	 243630.60890165259479545057,	 0.00000000000000000000,	 0.00000000000000000000,	 -5.87227870577689525788,	 0.00000000000000000000,	 0.00000000000000000000,	 -0.29361393528884477400,	 0.05000000000000000278,	 0.00382498424023259556,	 0.00000000000000000000,	 0.00000000000000000000
5.98070000000000057128,	 2.00000000000000000000,	 1.50000000000000000000,	 7.06858347057703451100, 320961.18530716805253177881,	 1.93045723311476824513,	 0.43045723311476824513,	 11.70766379129477385845,	 28.96310201676528706116,	 2.47385836603035880188,	 243329.01661011556279845536,	 243332.07659772314946167171,	 0.00000000000000000000,	 0.00000000000000000000,	 -5.12595321687353777662,	 0.00000000000000000000,	 0.00000000000000000000,	 -0.25629766084367688883,	 0.05000000000000000278,	 0.00333845872590172402,	 0.00000000000000000000,	 0.00000000000000000000
5.98180000000000067217,	 2.00000000000000000000,	 1.50000000000000000000,	 7.06858347057703451100, 320961.18530716805253177881,	 1.92998749240176259434,	 0.42998749240176259434,	 11.70196680186217008668,	 24.72007308879817699676,	 2.11247164748958216052,	 243025.18210189024102874100,	 243027.41337012095027603209,	 0.00000000000000000000,	 0.00000000000000000000,	 -4.37820795379503380218,	 0.00000000000000000000,	 0.00000000000000000000,	 -0.21891039768975170676,	 0.05000000000000000278,	 0.00285111617265338237,	 0.00000000000000000000,	 0.00000000000000000000
5.98289999999999988489,	 2.00000000000000000000,	 1.50000000000000000000,	 7.06858347057703451100, 320961.18530716805253177881,	 1.92950692338499751877,	 0.42950692338499751877,	 11.69613992209150943324,	 20.47525558330855233180,	 1.75059940456382268081,	 242715.07919353040051646531,	 242716.61149266801658086479,	 0.00000000000000000000,	 0.00000000000000000000,	 -3.62911246048848212808,	 0.00000000000000000000,	 0.00000000000000000000,	 -0.18145562302442411196,	 0.05000000000000000278,	 0.00236300629106751771,	 0.00000000000000000000,	 0.00000000000000000000
5.98399999999999998579,	 2.00000000000000000000,	 1.50000000000000000000,	 7.06858347057703451100, 320961.18530716805253177881,	 1.92901550287770651160,	 0.42901550287770651160,	 11.69018296903912101925,	 16.22928452851448000160,	 1.38828319210203532386,	 242398.70068026654189452529,	 242399.66434537727036513388,	 0.00000000000000000000,	 0.00000000000000000000,	 -2.87873931553374040604,	 0.00000000000000000000,	 0.00000000000000000000,	 -0.14393696577668702030,	 0.05000000000000000278,	 0.00187418077561021866,	 0.00000000000000000000,	 0.00000000000000000000
5.98510000000000008669,	 2.00000000000000000000,	 1.50000000000000000000,	 7.06858347057703451100, 320961.18530716805253177881,	 1.92851320972850959201,	 0.42851320972850959201,	 11.68409578692736694450,	 11.98279988484018510064,	 1.02556501618610651505,	 242076.04074399135424755514,	 242076.56663579258020035923,	 0.00000000000000000000,	 0.00000000000000000000,	 -2.12716202515508312487,	 0.00000000000000000000,	 0.00000000000000000000,	 -0.10635810125775416179,	 0.05000000000000000278,	 0.00138469192939752895,	 0.00000000000000000000,	 0.00000000000000000000
5.98620000000000018758,	 2.00000000000000000000,	 1.50000000000000000000,	 7.06858347057703451100, 320961.18530716805253177881,	 1.92801225055867697655,	 0.42801225055867697655,	 11.67802634995138788554,	 8.14351260919521457993,	 0.69733637903883594067,	 241847.06904058481450192630,	 241847.31217959758942015469,	 0.00000000000000000000,	 0.00000000000000000000,	 -1.44674678044554938516,	 0.00000000000000000000,	 0.00000000000000000000,	 -0.07233733902227747203,	 0.05000000000000000278,	 0.00094164824178958868,	 0.00000000000000000000,	 0.00000000000000000000
5.98730000000000028848,	 2.00000000000000000000,	 1.50000000000000000000,	 7.06858347057703451100, 320961.18530716805253177881,	 1.92754150230390064458,	 0.42754150230390064458,	 11.67232437436364733685,	 5.41856624667483544044,	 0.46422341196889888026,	 241706.60955337341874837875,	 241706.71730506152380257845,	 0.00000000000000000000,	 0.00000000000000000000,	 -0.96334820581353863833,	 0.00000000000000000000,	 0.00000000000000000000,	 -0.04816741029067693469,	 0.05000000000000000278,	 0.00062694066822920167,	 0.00000000000000000000,	 0.00000000000000000000
5.98840000000000038938,	 2.00000000000000000000,	 1.50000000000000000000,	 7.06858347057703451100, 320961.18530716805253177881,	 1.92711477121524543676,	 0.42711477121524543676,	 11.66715676336760942888,	 3.87696557908694527939,	 0.33229737610621573607,	 241629.76885777065763249993,	 241629.82406854373402893543,	 0.00000000000000000000,	 0.00000000000000000000,	 -0.68973032861279526262,	 0.00000000000000000000,	 0.00000000000000000000,	 -0.03448651643063976868,	 0.05000000000000000971,	 0.00044882226587452734,	 0.00000000000000000000,	 0.00000000000000000000
5.98950000000000049027,	 2.00000000000000000000,	 1.50000000000000000000,	 7.06858347057703451100, 320961.18530716805253177881,	 1.92674440654258627426,	 0.42674440654258627426,	 11.66267266358058485309,	 3.31129882686449628082,	 0.28392281275327213574,	 241613.58132220426341518760,	 241613.62162828605505637825,	 0.00000000000000000000,	 0.00000000000000000000,	 -0.58943534345119008577,	 0.00000000000000000000,	 0.00000000000000000000,	 -0.02947176717255950429,	 0.05000000000000000278,	 0.00038352131646057932,	 0.00000000000000000000,	 0.00000000000000000000
5.99060000000000059117,	 2.00000000000000000000,	 1.50000000000000000000,	 7.06858347057703451100, 320961.18530716805253177881,	 1.92642674019021753473,	 0.42642674019021753473,	 11.65882728247128419241,	 3.39087316746862077466,	 0.29084170176932822027,	 241593.26495745722786523402,	 241593.30725190497469156981,	 0.00000000000000000000,	 0.00000000000000000000,	 -0.60389880539264140236,	 0.00000000000000000000,	 0.00000000000000000000,	 -0.03019494026963207359,	 0.05000000000000000278,	 0.00039289970272021204,	 0.00000000000000000000,	 0.00000000000000000000
5.99170000000000069207,	 2.00000000000000000000,	 1.50000000000000000000,	 7.06858347057703451100, 320961.18530716805253177881,	 1.92615061613638194338,	 0.42615061613638194338,	 11.65548528989261356514,	 3.77556933568933672518,	 0.32393068514817047188,	 241557.66707106484682299197,	 241557.71953660924918949604,	 0.00000000000000000000,	 0.00000000000000000000,	 -0.67270063396793977617,	 0.00000000000000000000,	 0.00000000000000000000,	 -0.03363503169839699575,	 0.05000000000000000971,	 0.00043763116285510696,	 0.00000000000000000000,	 0.00000000000000000000
5.99279999999999990479,	 2.00000000000000000000,	 1.50000000000000000000,	 7.06858347057703451100, 320961.18530716805253177881,	 1.92590464439331920943,	 0.42590464439331920943,	 11.65250864107354544785,	 4.20239853268127649955,	 0.36064324534104008624,	 241502.62135890056379139423,	 241502.68639067577896639705,	 0.00000000000000000000,	 0.00000000000000000000,	 -0.74903655565906090974,	 0.00000000000000000000,	 0.00000000000000000000,	 -0.03745182778295304965,	 0.05000000000000000278,	 0.00048726103606421228,	 0.00000000000000000000,	 0.00000000000000000000
5.99390000000000000568,	 2.00000000000000000000,	 1.50000000000000000000,	 7.06858347057703451100, 320961.18530716805253177881,	 1.92567922874184849213,	 0.42567922874184849213,	 11.64978108743590823337,	 4.51142398144463907528,	 0.38725397048963722257,	 241432.48530988043057732284,	 241432.56029269925784319639,	 0.00000000000000000000,	 0.00000000000000000000,	 -0.80439974573055217366,	 0.00000000000000000000,	 0.00000000000000000000,	 -0.04021998728652761285,	 0.05000000000000000278,	 0.00052324511003104112,	 0.00000000000000000000,	 0.00000000000000000000
5.99500000000000010658,	 2.00000000000000000000,	 1.50000000000000000000,	 7.06858347057703451100, 320961.18530716805253177881,	 1.92546776622475257490,	 0.42546776622475257490,	 11.64722265845644244564,	 4.63723473506863292926,	 0.39814081614570817624,	 241349.06513930219807662070,	 241349.14439735692576505244,	 0.00000000000000000000,	 0.00000000000000000000,	 -0.82710460934142637779,	 0.00000000000000000000,	 0.00000000000000000000,	 -0.04135523046707131889,	 0.05000000000000000278,	 0.00053798460510777989,	 0.00000000000000000000,	 0.00000000000000000000
5.99610000000000020748,	 2.00000000000000000000,	 1.50000000000000000000,	 7.06858347057703451100, 320961.18530716805253177881,	 1.92526473972360023801,	 0.42526473972360023801,	 11.64476655897134982354,	 4.58430416987602651346,	 0.39367935343832127781,	 241256.26869966578669846058,	 241256.34619138244306668639,	 0.00000000000000000000,	 0.00000000000000000000,	 -0.81792253359367028676,	 0.00000000000000000000,	 0.00000000000000000000,	 -0.04089612667968351573,	 0.05000000000000000278,	 0.00053198413683561759,	 0.00000000000000000000,	 0.00000000000000000000
5.99720000000000030838,	 2.00000000000000000000,	 1.50000000000000000000,	 7.06858347057703451100, 320961.18530716805253177881,	 1.92506746644675996727,	 0.42506746644675996727,	 11.64238030681832469782,	 4.39798162597564523679,	 0.37775622424908938957,	 241161.46221966552548110485,	 241161.53356954801711253822,	 0.00000000000000000000,	 0.00000000000000000000,	 -0.78492048893505450557,	 0.00000000000000000000,	 0.00000000000000000000,	 -0.03924602444675272944,	 0.05000000000000000278,	 0.00051049315561136049,	 0.00000000000000000000,	 0.00000000000000000000
5.99830000000000040927,	 2.00000000000000000000,	 1.50000000000000000000,	 7.06858347057703451100, 320961.18530716805253177881,	 1.92487529518436728537,	 0.42487529518436728537,	 11.64005600464376222192,	 4.13865260041968241467,	 0.35555263641073381331,	 241069.44585439856746234000,	 241069.50906323720118962228,	 0.00000000000000000000,	 0.00000000000000000000,	 -0.73885853758994490814,	 0.00000000000000000000,	 0.00000000000000000000,	 -0.03694292687949724679,	 0.05000000000000000278,	 0.00048051159959051041,	 0.00000000000000000000,	 0.00000000000000000000
5.99940000000000051017,	 2.00000000000000000000,	 1.50000000000000000000,	 7.06858347057703451100, 320961.18530716805253177881,	 1.92468861650034295252,	 0.42468861650034295252,	 11.63779835712386834246,	 3.86222443007353755107,	 0.33186899373534400892,	 240982.70100375227048061788,	 240982.75607226678403094411,	 0.00000000000000000000,	 0.00000000000000000000,	 -0.68970947485267641852,	 0.00000000000000000000,	 0.00000000000000000000,	 -0.03448547374263382509,	 0.05000000000000000278,	 0.00044852609147797096,	 0.00000000000000000000,	 0.00000000000000000000
6.00050000000000061107,	 2.00000000000000000000,	 1.50000000000000000000,	 7.06858347057703451100, 320961.18530716805253177881,	 1.92450822310808900006,	 0.42450822310808900006,	 11.63561693045291356441,	 3.60797069543031900807,	 0.31007987947656501238,	 240902.70635015197331085801,	 240902.75442491780268028378,	 0.00000000000000000000,	 0.00000000000000000000,	 -0.64448647348626997289,	 0.00000000000000000000,	 0.00000000000000000000,	 -0.03222432367431350003,	 0.05000000000000000278,	 0.00041909740628835447,	 0.00000000000000000000,	 0.00000000000000000000
6.00160000000000071196,	 2.00000000000000000000,	 1.50000000000000000000,	 7.06858347057703451100, 320961.18530716805253177881,	 1.92433496362392353340,	 0.42433496362392353340,	 11.63352196383669401314,	 3.39386503861230970358,	 0.29173151941108510510,	 240828.58934909006347879767,	 240828.63190272977226413786,	 0.00000000000000000000,	 0.00000000000000000000,	 -0.60640486178496477709,	 0.00000000000000000000,	 0.00000000000000000000,	 -0.03032024308924824094,	 0.05000000000000000278,	 0.00039431590104943380,	 0.00000000000000000000,	 0.00000000000000000000
6.00269999999999992468,	 2.00000000000000000000,	 1.50000000000000000000,	 7.06858347057703451100, 320961.18530716805253177881,	 1.92416911764303466548,	 0.42416911764303466548,	 11.63151681425757111299,	 3.21851401026374261960,	 0.27670630251065647665,	 240759.44290177736547775567,	 240759.48118496628012508154,	 0.00000000000000000000,	 0.00000000000000000000,	 -0.57522241672728080530,	 0.00000000000000000000,	 0.00000000000000000000,	 -0.02876112083636404165,	 0.05000000000000000278,	 0.00037402333917879233,	 0.00000000000000000000,	 0.00000000000000000000
6.00380000000000002558,	 2.00000000000000000000,	 1.50000000000000000000,	 7.06858347057703451100, 320961.18530716805253177881,	 1.92401091540764057619,	 0.42401091540764057619,	 11.62960424191893871182,	 3.06757719706743348098,	 0.26377313735323371091,	 240695.45021538011496886611,	 240695.48500351409893482924,	 0.00000000000000000000,	 0.00000000000000000000,	 -0.54838178981401064505,	 0.00000000000000000000,	 0.00000000000000000000,	 -0.02741908949070053295,	 0.05000000000000000278,	 0.00035655626452967053,	 0.00000000000000000000,	 0.00000000000000000000
6.00490000000000012648,	 2.00000000000000000000,	 1.50000000000000000000,	 7.06858347057703451100, 320961.18530716805253177881,	 1.92386060716345408395,	 0.42386060716345408395,	 11.62778724898998561343,	 2.92197156163545113117,	 0.25129214175201392001,	 240636.83297719241818413138,	 240636.86455106266657821834,	 0.00000000000000000000,	 0.00000000000000000000,	 -0.52247473817247036543,	 0.00000000000000000000,	 0.00000000000000000000,	 -0.02612373690862351827,	 0.05000000000000000278,	 0.00033969830417790176,	 0.00000000000000000000,	 0.00000000000000000000
6.00600000000000022737,	 2.00000000000000000000,	 1.50000000000000000000,	 7.06858347057703451100, 320961.18530716805253177881,	 1.92371848689713775826,	 0.42371848689713775826,	 11.62606936654506206708,	 2.76531026894844611519,	 0.23785427230512196095,	 240584.05566283559892326593,	 240584.08395016303984448314,	 0.00000000000000000000,	 0.00000000000000000000,	 -0.49457189069024143357,	 0.00000000000000000000,	 0.00000000000000000000,	 -0.02472859453451207307,	 0.05000000000000000278,	 0.00032154478426422268,	 0.00000000000000000000,	 0.00000000000000000000
6.00710000000000032827,	 2.00000000000000000000,	 1.50000000000000000000,	 7.06858347057703451100, 320961.18530716805253177881,	 1.92358488331962740325,	 0.42358488331962740325,	 11.62445454552837453832,	 2.58871948367806670177,	 0.22269599606063922304,	 240536.86513800767716020346,	 240536.88993476101313717663,	 0.00000000000000000000,	 0.00000000000000000000,	 -0.46308535275307743939,	 0.00000000000000000000,	 0.00000000000000000000,	 -0.02315426763765387336,	 0.05000000000000000278,	 0.00030106342851864539,	 0.00000000000000000000,	 0.00000000000000000000
6.00820000000000042917,	 2.00000000000000000000,	 1.50000000000000000000,	 7.06858347057703451100, 320961.18530716805253177881,	 1.92345990704968561325,	 0.42345990704968561325,	 11.62294410136980893355,	 2.39235483819766869829,	 0.20583036598409867879,	 240494.83244146875222213566,	 240494.85362453851848840714,	 0.00000000000000000000,	 0.00000000000000000000,	 -0.42804191598630875193,	 0.00000000000000000000,	 0.00000000000000000000,	 -0.02140209579931543968,	 0.05000000000000000278,	 0.00027827176921244121,	 0.00000000000000000000,	 0.00000000000000000000
6.00930000000000053006,	 2.00000000000000000000,	 1.50000000000000000000,	 7.06858347057703451100, 320961.18530716805253177881,	 1.92334359117152642327,	 0.42334359117152642327,	 11.62153841355921279899,	 2.18401365354952492481,	 0.18792810175642218895,	 240457.69991875794949010015,	 240457.71757724366034381092,	 0.00000000000000000000,	 0.00000000000000000000,	 -0.39083625540240241047,	 0.00000000000000000000,	 0.00000000000000000000,	 -0.01954181277012012261,	 0.05000000000000000278,	 0.00025407653716185162,	 0.00000000000000000000,	 0.00000000000000000000
6.01040000000000063096,	 2.00000000000000000000,	 1.50000000000000000000,	 7.06858347057703451100, 320961.18530716805253177881,	 1.92323586359499265619,	 0.42323586359499265619,	 11.62023659196775859925,	 1.97594222158945465040,	 0.17004320057952027057,	 240425.11353582303854636848,	 240425.12799316807650029659,	 0.00000000000000000000,	 0.00000000000000000000,	 -0.35366062748365861834,	 0.00000000000000000000,	 0.00000000000000000000,	 -0.01768303137418293300,	 0.05000000000000000278,	 0.00022990280409494195,	 0.00000000000000000000,	 0.00000000000000000000
6.01150000000000073186,	 2.00000000000000000000,	 1.50000000000000000000,	 7.06858347057703451100, 320961.18530716805253177881,	 1.92313656611974082011,	 0.42313656611974082011,	 11.61903670755409123672,	 1.78117373368238474107,	 0.15329788333695154590,	 240396.39303559093968942761,	 240396.40478571146377362311,	 0.00000000000000000000,	 0.00000000000000000000,	 -0.31884970841411730547,	 0.00000000000000000000,	 0.00000000000000000000,	 -0.01594248542070586527,	 0.05000000000000000278,	 0.00020726805292641169,	 0.00000000000000000000,	 0.00000000000000000000
6.01259999999999994458,	 2.00000000000000000000,	 1.50000000000000000000,	 7.06858347057703451100, 320961.18530716805253177881,	 1.92304522914334685701,	 0.42304522914334685701,	 11.61793307040334610747,	 1.61049484516213281537,	 0.13862146006546244292,	 240370.23039280826924368739,	 240370.24000076286029070616,	 0.00000000000000000000,	 0.00000000000000000000,	 -0.28833738898010990992,	 0.00000000000000000000,	 0.00000000000000000000,	 -0.01441686944900549480,	 0.04999999999999999584,	 0.00018742908780591979,	 0.00000000000000000000,	 0.00000000000000000000
6.01370000000000004547,	 2.00000000000000000000,	 1.50000000000000000000,	 7.06858347057703451100, 320961.18530716805253177881,	 1.92296117302537528104,	 0.42296117302537528104,	 11.61691745517462948101,	 1.47066132176174857449,	 0.12659651989751019574,	 240345.68695103793288581073,	 240345.69496437735506333411,	 0.00000000000000000000,	 0.00000000000000000000,	 -0.26333661162453353421,	 0.00000000000000000000,	 0.00000000000000000000,	 -0.01316683058122667879,	 0.05000000000000000971,	 0.00017117399298079603,	 0.00000000000000000000,	 0.00000000000000000000
6.01480000000000014637,	 2.00000000000000000000,	 1.50000000000000000000,	 7.06858347057703451100, 320961.18530716805253177881,	 1.92288357530735809497,	 0.42288357530735809497,	 11.61597991352332748249,	 1.36393432697140548626,	 0.11741879179590460069,	 240321.88118088984629139304,	 240321.88807447618455626070,	 0.00000000000000000000,	 0.00000000000000000000,	 -0.24425564460320711713,	 0.00000000000000000000,	 0.00000000000000000000,	 -0.01221278223016035620,	 0.05000000000000000278,	 0.00015876778447003053,	 0.00000000000000000000,	 0.00000000000000000000
6.01590000000000024727,	 2.00000000000000000000,	 1.50000000000000000000,	 7.06858347057703451100, 320961.18530716805253177881,	 1.92281151874463063223,	 0.42281151874463063223,	 11.61510935441786607214,	 1.28870813372141035380,	 0.11095101168644991296,	 240298.05377863036119379103,	 240298.05993369384668767452,	 0.00000000000000000000,	 0.00000000000000000000,	 -0.23080995844852819632,	 0.00000000000000000000,	 0.00000000000000000000,	 -0.01154049792242641155,	 0.05000000000000000971,	 0.00015002518850184513,	 0.00000000000000000000,	 0.00000000000000000000
6.01700000000000034817,	 2.00000000000000000000,	 1.50000000000000000000,	 7.06858347057703451100, 320961.18530716805253177881,	 1.92274404536178722402,	 0.42274404536178722402,	 11.61429419706936627676,	 1.24076399234726064691,	 0.10683077002305853276,	 240273.60389247641433030367,	 240273.60959888313664123416,	 0.00000000000000000000,	 0.00000000000000000000,	 -0.22224647171476646923,	 0.00000000000000000000,	 0.00000000000000000000,	 -0.01111232358573832450,	 0.05000000000000000278,	 0.00014445643515466691,	 0.00000000000000000000,	 0.00000000000000000000
6.01810000000000044906,	 2.00000000000000000000,	 1.50000000000000000000,	 7.06858347057703451100, 320961.18530716805253177881,	 1.92268020731173860938,	 0.42268020731173860938,	 11.61352298512604974690,	 1.21469353986208683516,	 0.10459302843915652126,	 240248.09499200957361608744,	 240248.10046186036197468638,	 0.00000000000000000000,	 0.00000000000000000000,	 -0.21759838800316538832,	 0.00000000000000000000,	 0.00000000000000000000,	 -0.01087991940015826942,	 0.05000000000000000278,	 0.00014143291166558025,	 0.00000000000000000000,	 0.00000000000000000000
6.01920000000000054996,	 2.00000000000000000000,	 1.50000000000000000000,	 7.06858347057703451100, 320961.18530716805253177881,	 1.92261910750488418387,	 0.42261910750488418387,	 11.61278487721413910094,	 1.20514356489007434803,	 0.10377730902901075027,	 240221.23582843228359706700,	 240221.24121329720946960151,	 0.00000000000000000000,	 0.00000000000000000000,	 -0.21590820277176947517,	 0.00000000000000000000,	 0.00000000000000000000,	 -0.01079541013858847584,	 0.05000000000000000971,	 0.00014033210836280000,	 0.00000000000000000000,	 0.00000000000000000000
6.02030000000000065086,	 2.00000000000000000000,	 1.50000000000000000000,	 7.06858347057703451100, 320961.18530716805253177881,	 1.92255992587434532126,	 0.42255992587434532126,	 11.61206996393375590060,	 1.20769120280097164155,	 0.10400309389729588128,	 240192.84272472819429822266,	 240192.84813304996350780129,	 0.00000000000000000000,	 0.00000000000000000000,	 -0.21638460782957841255,	 0.00000000000000000000,	 0.00000000000000000000,	 -0.01081923039147892132,	 0.05000000000000000278,	 0.00014063958888709232,	 0.00000000000000000000,	 0.00000000000000000000
6.02139999999999986358,	 2.00000000000000000000,	 1.50000000000000000000,	 7.06858347057703451100, 320961.18530716805253177881,	 1.92250193004033276267,	 0.42250193004033276267,	 11.61136939640870302526,	 1.21928402274106861825,	 0.10500777135883582192,	 240162.79860141943208873272,	 240162.80411473545245826244,	 0.00000000000000000000,	 0.00000000000000000000,	 -0.21848148960065355562,	 0.00000000000000000000,	 0.00000000000000000000,	 -0.01092407448003267917,	 0.05000000000000000971,	 0.00014200031936140558,	 0.00000000000000000000,	 0.00000000000000000000
6.02249999999999996447,	 2.00000000000000000000,	 1.50000000000000000000,	 7.06858347057703451100, 320961.18530716805253177881,	 1.92244447644758964522,	 0.42244447644758964522,	 11.61067539978922802391,	 1.23817434107683932432,	 0.10664102633506714057,	 240131.03144628007430583239,	 240131.03713243431411683559,	 0.00000000000000000000,	 0.00000000000000000000,	 -0.22188630702536582540,	 0.00000000000000000000,	 0.00000000000000000000,	 -0.01109431535126829092,	 0.04999999999999999584,	 0.00014421109865874355,	 0.00000000000000000000,	 0.00000000000000000000
6.02360000000000006537,	 2.00000000000000000000,	 1.50000000000000000000,	 7.06858347057703451100, 320961.18530716805253177881,	 1.92238700488642133557,	 0.42238700488642133557,	 11.60998120687454715494,	 1.26360210009538476150,	 0.10883756636463595702,	 240097.48755699308821931481,	 240097.49347980102174915373,	 0.00000000000000000000,	 0.00000000000000000000,	 -0.22646338346646557871,	 0.00000000000000000000,	 0.00000000000000000000,	 -0.01132316917332328032,	 0.05000000000000000278,	 0.00014718368882563247,	 0.00000000000000000000,	 0.00000000000000000000
6.02470000000000016627,	 2.00000000000000000000,	 1.50000000000000000000,	 7.06858347057703451100, 320961.18530716805253177881,	 1.92232902703149499679,	 0.42232902703149499679,	 11.60928091951934248982,	 1.29542653141603048006,	 0.11158542379984590087,	 240062.10970219780574552715,	 240062.11592785120592452586,	 0.00000000000000000000,	 0.00000000000000000000,	 -0.23218798078944619112,	 0.00000000000000000000,	 0.00000000000000000000,	 -0.01160939903947231025,	 0.05000000000000000278,	 0.00015090195885212668,	 0.00000000000000000000,	 0.00000000000000000000
6.02580000000000026716,	 2.00000000000000000000,	 1.50000000000000000000,	 7.06858347057703451100, 320961.18530716805253177881,	 1.92227011234486044877,	 0.42227011234486044877,	 11.60856933824787162735,	 1.33379163210900908432,	 0.11489715857702097190,	 240024.82520356433815322816,	 240024.83180424285819754004,	 0.00000000000000000000,	 0.00000000000000000000,	 -0.23908639652491903149,	 0.00000000000000000000,	 0.00000000000000000000,	 -0.01195431982624595157,	 0.05000000000000000278,	 0.00015538294696848889,	 0.00000000000000000000,	 0.00000000000000000000
6.02690000000000036806,	 2.00000000000000000000,	 1.50000000000000000000,	 7.06858347057703451100, 320961.18530716805253177881,	 1.92220987422002731471,	 0.42220987422002731471,	 11.60784179482116407200,	 1.37888161429186073548,	 0.11878880145549954028,	 239985.54215027682948857546,	 239985.54920566649525426328,	 0.00000000000000000000,	 0.00000000000000000000,	 -0.24719215741975170131,	 0.00000000000000000000,	 0.00000000000000000000,	 -0.01235960787098758576,	 0.05000000000000000278,	 0.00016064838745769028,	 0.00000000000000000000,	 0.00000000000000000000
6.02800000000000046896,	 2.00000000000000000000,	 1.50000000000000000000,	 7.06858347057703451100, 320961.18530716805253177881,	 1.92214795804662275103,	 0.42214795804662275103,	 11.60709400803695245941,	 1.43078667743345189223,	 0.12326829406591782723,	 239944.15033064340241253376,	 239944.15792817957117222250,	 0.00000000000000000000,	 0.00000000000000000000,	 -0.25652196762457113444,	 0.00000000000000000000,	 0.00000000000000000000,	 -0.01282609838122855846,	 0.05000000000000000971,	 0.00016670907834400253,	 0.00000000000000000000,	 0.00000000000000000000
6.02910000000000056986,	 2.00000000000000000000,	 1.50000000000000000000,	 7.06858347057703451100, 320961.18530716805253177881,	 1.92208403195140897779,	 0.42208403195140897779,	 11.60632197188324887804,	 1.48945756034493537179,	 0.12833157342637938059,	 239900.52671349424053914845,	 239900.53494799061445519328,	 0.00000000000000000000,	 0.00000000000000000000,	 -0.26706756061250841450,	 0.00000000000000000000,	 0.00000000000000000000,	 -0.01335337803062542142,	 0.05000000000000000278,	 0.00017355958607928582,	 0.00000000000000000000,	 0.00000000000000000000
6.03020000000000067075,	 2.00000000000000000000,	 1.50000000000000000000,	 7.06858347057703451100, 320961.18530716805253177881,	 1.92201778130656197874,	 0.42201778130656197874,	 11.60552188921211325123,	 1.55469421183884981552,	 0.13396159403085633466,	 239854.54488589431275613606,	 239854.55385874863713979721,	 0.00000000000000000000,	 0.00000000000000000000,	 -0.27879366223093110522,	 0.00000000000000000000,	 0.00000000000000000000,	 -0.01393968311154655630,	 0.05000000000000000278,	 0.00018117692238640731,	 0.00000000000000000000,	 0.00000000000000000000
6.03129999999999988347,	 2.00000000000000000000,	 1.50000000000000000000,	 7.06858347057703451100, 320961.18530716805253177881,	 1.92194890589920741597,	 0.42194890589920741597,	 11.60469013756715916941,	 1.62618204912440522669,	 0.14013144942664731984,	 239806.07930263521848246455,	 239806.08912104676710441709,	 0.00000000000000000000,	 0.00000000000000000000,	 -0.29164448440128559747,	 0.00000000000000000000,	 0.00000000000000000000,	 -0.01458222422006428057,	 0.05000000000000000278,	 0.00018952476515285687,	 0.00000000000000000000,	 0.00000000000000000000
6.03239999999999998437,	 2.00000000000000000000,	 1.50000000000000000000,	 7.06858347057703451100, 320961.18530716805253177881,	 1.92187711797394711333,	 0.42187711797394711333,	 11.60382324556256783410,	 1.70356759755818254476,	 0.14681088823113933040,	 239755.00491804155171848834,	 239755.01569475998985581100,	 0.00000000000000000000,	 0.00000000000000000000,	 -0.30555728429902556664,	 0.00000000000000000000,	 0.00000000000000000000,	 -0.01527786421495127937,	 0.05000000000000000278,	 0.00019856227052358091,	 0.00000000000000000000,	 0.00000000000000000000
6.03350000000000008527,	 2.00000000000000000000,	 1.50000000000000000000,	 7.06858347057703451100, 320961.18530716805253177881,	 1.92180214018454331715,	 0.42180214018454331715,	 11.60291786817260017983,	 1.78654031681691183309,	 0.15397336576151104959,	 239701.19578221475239843130,	 239701.20763611342408694327,	 0.00000000000000000000,	 0.00000000000000000000,	 -0.32047704088148343260,	 0.00000000000000000000,	 0.00000000000000000000,	 -0.01602385204407417302,	 0.05000000000000000278,	 0.00020825361024976439,	 0.00000000000000000000,	 0.00000000000000000000
6.03460000000000018616,	 2.00000000000000000000,	 1.50000000000000000000,	 7.06858347057703451100, 320961.18530716805253177881,	 1.92172370380335855167,	 0.42172370380335855167,	 11.60197076514100089639,	 1.87487795023371317527,	 0.16159995471346350060,	 239644.52529430598951876163,	 239644.53835157866706140339,	 0.00000000000000000000,	 0.00000000000000000000,	 -0.33636459683280106603,	 0.00000000000000000000,	 0.00000000000000000000,	 -0.01681822984164005330,	 0.05000000000000000278,	 0.00021857326175842405,	 0.00000000000000000000,	 0.00000000000000000000
6.03570000000000028706,	 2.00000000000000000000,	 1.50000000000000000000,	 7.06858347057703451100, 320961.18530716805253177881,	 1.92164154705996681471,	 0.42164154705996681471,	 11.60097878095709234003,	 1.96846141256313433843,	 0.16968063210272799068,	 239584.86531326934345997870,	 239584.87970902779488824308,	 0.00000000000000000000,	 0.00000000000000000000,	 -0.35319934118271428813,	 0.00000000000000000000,	 0.00000000000000000000,	 -0.01765996705913571579,	 0.05000000000000000278,	 0.00022950775008006059,	 0.00000000000000000000,	 0.00000000000000000000
6.03680000000000038796,	 2.00000000000000000000,	 1.50000000000000000000,	 7.06858347057703451100, 320961.18530716805253177881,	 1.92155541378500016592,	 0.42155541378500016592,	 11.59993882852410962414,	 2.06725318445223971153,	 0.17821242120422989275,	 239522.08735084903310053051,	 239522.10323068258003331721,	 0.00000000000000000000,	 0.00000000000000000000,	 -0.37097534617166089133,	 0.00000000000000000000,	 0.00000000000000000000,	 -0.01854876730858304526,	 0.05000000000000000278,	 0.00024105313612771755,	 0.00000000000000000000,	 0.00000000000000000000
6.03790000000000048885,	 2.00000000000000000000,	 1.50000000000000000000,	 7.06858347057703451100, 320961.18530716805253177881,	 1.92146505285171254052,	 0.42146505285171254052,	 11.59884788246468190209,	 2.17124627098962719174,	 0.18719499496774597014,	 239456.06533953861799091101,	 239456.08286052168114110827,	 0.00000000000000000000,	 0.00000000000000000000,	 -0.38969221884087545948,	 0.00000000000000000000,	 0.00000000000000000000,	 -0.01948461094204377575,	 0.05000000000000000971,	 0.00025320907101240956,	 0.00000000000000000000,	 0.00000000000000000000
6.03900000000000058975,	 2.00000000000000000000,	 1.50000000000000000000,	 7.06858347057703451100, 320961.18530716805253177881,	 1.92137021854983758296,	 0.42137021854983758296,	 11.59770298368521679322,	 2.28040458006561186366,	 0.19662553725280901284,	 239386.67886767769232392311,	 239386.69819847863982431591,	 0.00000000000000000000,	 0.00000000000000000000,	 -0.40934440505945385302,	 0.00000000000000000000,	 0.00000000000000000000,	 -0.02046722025297269265,	 0.05000000000000000278,	 0.00026597184562589780,	 0.00000000000000000000,	 0.00000000000000000000
6.04010000000000069065,	 2.00000000000000000000,	 1.50000000000000000000,	 7.06858347057703451100, 320961.18530716805253177881,	 1.92127067177424293298,	 0.42127067177424293298,	 11.59650125377671159299,	 2.39461380430738568492,	 0.20649450656744555710,	 239313.81636633363086730242,	 239313.83768632425926625729,	 0.00000000000000000000,	 0.00000000000000000000,	 -0.42991236914422537030,	 0.00000000000000000000,	 0.00000000000000000000,	 -0.02149561845721126990,	 0.05000000000000000278,	 0.00027932865995765761,	 0.00000000000000000000,	 0.00000000000000000000
6.04119999999999990337,	 2.00000000000000000000,	 1.50000000000000000000,	 7.06858347057703451100, 320961.18530716805253177881,	 1.92116618183690190946,	 0.42116618183690190946,	 11.59523991693642486212,	 2.51365394265039077126,	 0.21678326284382071210,	 239237.37778215607977472246,	 239237.40127964760176837444,	 0.00000000000000000000,	 0.00000000000000000000,	 -0.45135764910570269626,	 0.00000000000000000000,	 0.00000000000000000000,	 -0.02256788245528513689,	 0.05000000000000000278,	 0.00029325441155566748,	 0.00000000000000000000,	 0.00000000000000000000
6.04230000000000000426,	 2.00000000000000000000,	 1.50000000000000000000,	 7.06858347057703451100, 320961.18530716805253177881,	 1.92105652856531650130,	 0.42105652856531650130,	 11.59391632534017979594,	 2.63719868822336911407,	 0.22746400907339570097,	 239157.27619697831687517464,	 239157.30206691601779311895,	 0.00000000000000000000,	 0.00000000000000000000,	 -0.47362272934939680935,	 0.00000000000000000000,	 0.00000000000000000000,	 -0.02368113646746984255,	 0.05000000000000000278,	 0.00030771161469443962,	 0.00000000000000000000,	 0.00000000000000000000
6.04340000000000010516,	 2.00000000000000000000,	 1.50000000000000000000,	 7.06858347057703451100, 320961.18530716805253177881,	 1.92094150437575739154,	 0.42094150437575739154,	 11.59252798420090435627,	 2.76483672586605289112,	 0.23850162187524265311,	 239073.43857493565883487463,	 239073.46701644748100079596,	 0.00000000000000000000,	 0.00000000000000000000,	 -0.49663484563575566177,	 0.00000000000000000000,	 0.00000000000000000000,	 -0.02483174228178778448,	 0.05000000000000000278,	 0.00032265287460023136,	 0.00000000000000000000,	 0.00000000000000000000
6.04450000000000020606,	 2.00000000000000000000,	 1.50000000000000000000,	 7.06858347057703451100, 320961.18530716805253177881,	 1.92082091614335492835,	 0.42082091614335492835,	 11.59107257436379789795,	 2.89610367212739783227,	 0.24985640056579122570,	 238985.80598582053789868951,	 238985.83719993100385181606,	 0.00000000000000000000,	 0.00000000000000000000,	 -0.52031170311796803851,	 0.00000000000000000000,	 0.00000000000000000000,	 -0.02601558515589840609,	 0.05000000000000000971,	 0.00033802460440850781,	 0.00000000000000000000,	 0.00000000000000000000
6.04560000000000030695,	 2.00000000000000000000,	 1.50000000000000000000,	 7.06858347057703451100, 320961.18530716805253177881,	 1.92069458675553161875,	 0.42069458675553161875,	 11.58954797106726353206,	 3.03051505042154678549,	 0.26148690682217101688,	 238894.33317651425022631884,	 238894.36736421546083875000,	 0.00000000000000000000,	 0.00000000000000000000,	 -0.54456738437291873911,	 0.00000000000000000000,	 0.00000000000000000000,	 -0.02722836921864594042,	 0.05000000000000000971,	 0.00035377086511776952,	 0.00000000000000000000,	 0.00000000000000000000
6.04670000000000040785,	 2.00000000000000000000,	 1.50000000000000000000,	 7.06858347057703451100, 320961.18530716805253177881,	 1.92056235615298764863,	 0.42056235615298764863,	 11.58795225650691307351,	 3.16759669254580700226,	 0.27335258399663542317,	 238798.98719443619484081864,	 238799.02455525379627943039,	 0.00000000000000000000,	 0.00000000000000000000,	 -0.56931780032214840404,	 0.00000000000000000000,	 0.00000000000000000000,	 -0.02846589001610742506,	 0.05000000000000000971,	 0.00036983690800864686,	 0.00000000000000000000,	 0.00000000000000000000
6.04780000000000050875,	 2.00000000000000000000,	 1.50000000000000000000,	 7.06858347057703451100, 320961.18530716805253177881,	 1.92042408190946711777,	 0.42042408190946711777,	 11.58628372682200868837,	 3.30690218665195434511,	 0.28541526037348313727,	 238699.74679034933797083795,	 238699.78752128477208316326,	 0.00000000000000000000,	 0.00000000000000000000,	 -0.59448381857344001489,	 0.00000000000000000000,	 0.00000000000000000000,	 -0.02972419092867200144,	 0.05000000000000000278,	 0.00038617120767867280,	 0.00000000000000000000,	 0.00000000000000000000
6.04890000000000060965,	 2.00000000000000000000,	 1.50000000000000000000,	 7.06858347057703451100, 320961.18530716805253177881,	 1.92027963970346604583,	 0.42027963970346604583,	 11.58454089776697415459,	 3.44801185057248238408,	 0.29763905889763125900,	 238596.60250569327035918832,	 238596.64680019795196130872,	 0.00000000000000000000,	 0.00000000000000000000,	 -0.61999107368256700656,	 0.00000000000000000000,	 0.00000000000000000000,	 -0.03099955368412835380,	 0.05000000000000000278,	 0.00040272533934605678,	 0.00000000000000000000,	 0.00000000000000000000
6.05000000000000071054,	 2.00000000000000000000,	 1.50000000000000000000,	 7.06858347057703451100, 320961.18530716805253177881,	 1.92012892710969951260,	 0.42012892710969951260,	 11.58272255042260745483,	 3.59050166823521266224,	 0.30998771252655182851,	 238489.57958442415110766888,	 238489.62763061511213891208,	 0.00000000000000000000,	 0.00000000000000000000,	 -0.64576437165219957581,	 0.00000000000000000000,	 0.00000000000000000000,	 -0.03228821858260998157,	 0.05000000000000000278,	 0.00041945034527116076,	 0.00000000000000000000,	 0.00000000000000000000
6.05109999999999992326,	 2.00000000000000000000,	 1.50000000000000000000,	 7.06858347057703451100, 320961.18530716805253177881,	 1.91997185937159309255,	 0.41997185937159309255,	 11.58082768013797902995,	 3.73393626324754990264,	 0.32242395503833815029,	 238378.66693254336132667959,	 238378.71891114674508571625,	 0.00000000000000000000,	 0.00000000000000000000,	 -0.67172641820670753177,	 0.00000000000000000000,	 0.00000000000000000000,	 -0.03358632091033537936,	 0.05000000000000000278,	 0.00043629590958259616,	 0.00000000000000000000,	 0.00000000000000000000
6.05220000000000002416,	 2.00000000000000000000,	 1.50000000000000000000,	 7.06858347057703451100, 320961.18530716805253177881,	 1.91980836517053665702,	 0.41980836517053665702,	 11.57885544544690503699,	 3.87799747432094177313,	 0.33492062255996701836,	 238263.87729247281095013022,	 238263.93337838450679555535,	 0.00000000000000000000,	 0.00000000000000000000,	 -0.69782094637391789416,	 0.00000000000000000000,	 0.00000000000000000000,	 -0.03489104731869589748,	 0.05000000000000000278,	 0.00045322538027738713,	 0.00000000000000000000,	 0.00000000000000000000
6.05330000000000012506,	 2.00000000000000000000,	 1.50000000000000000000,	 7.06858347057703451100, 320961.18530716805253177881,	 1.91963838948496912096,	 0.41963838948496912096,	 11.57680520251493838657,	 4.02241545947781453663,	 0.34745470698634434159,	 238145.23503547237487509847,	 238145.29539785906672477722,	 0.00000000000000000000,	 0.00000000000000000000,	 -0.72400033024879228982,	 0.00000000000000000000,	 0.00000000000000000000,	 -0.03620001651243961310,	 0.04999999999999999584,	 0.00047020772332072406,	 0.00000000000000000000,	 0.00000000000000000000
6.05440000000000022595,	 2.00000000000000000000,	 1.50000000000000000000,	 7.06858347057703451100, 320961.18530716805253177881,	 1.91946189413301881999,	 0.41946189413301881999,	 11.57467651162238553297,	 4.16690354904199455888,	 0.36000172832976506943,	 238022.77521221310598775744,	 238022.84001283530960790813,	 0.00000000000000000000,	 0.00000000000000000000,	 -0.75021385822794961484,	 0.00000000000000000000,	 0.00000000000000000000,	 -0.03751069291139748352,	 0.05000000000000000278,	 0.00048720990669799685,	 0.00000000000000000000,	 0.00000000000000000000
6.05550000000000032685,	 2.00000000000000000000,	 1.50000000000000000000,	 7.06858347057703451100, 320961.18530716805253177881,	 1.91927885779929252585,	 0.41927885779929252585,	 11.57246913741298577349,	 4.31113661014538607219,	 0.37253386109346209309,	 237896.54183368661324493587,	 237896.61122442543273791671,	 0.00000000000000000000,	 0.00000000000000000000,	 -0.77640382392503703990,	 0.00000000000000000000,	 0.00000000000000000000,	 -0.03882019119625185199,	 0.05000000000000000278,	 0.00050419436323993175,	 0.00000000000000000000,	 0.00000000000000000000
6.05660000000000042775,	 2.00000000000000000000,	 1.50000000000000000000,	 7.06858347057703451100, 320961.18530716805253177881,	 1.91908927568805998121,	 0.41908927568805998121,	 11.57018304462724422876,	 4.45475714797568489445,	 0.38502045566550530120,	 237766.58692812541266903281,	 237766.66104850106057710946,	 0.00000000000000000000,	 0.00000000000000000000,	 -0.80250660673920382049,	 0.00000000000000000000,	 0.00000000000000000000,	 -0.04012533033696019658,	 0.05000000000000000971,	 0.00052111969431401233,	 0.00000000000000000000,	 0.00000000000000000000
6.05770000000000052864,	 2.00000000000000000000,	 1.50000000000000000000,	 7.06858347057703451100, 320961.18530716805253177881,	 1.91889315913430080762,	 0.41889315913430080762,	 11.56781839331989658604,	 4.59739172713972266138,	 0.39742945219425235281,	 237632.97060522870742715895,	 237633.04958031343994662166,	 0.00000000000000000000,	 0.00000000000000000000,	 -0.82845561317973692717,	 0.00000000000000000000,	 0.00000000000000000000,	 -0.04142278065898685052,	 0.05000000000000000278,	 0.00053794258165184010,	 0.00000000000000000000,	 0.00000000000000000000
6.05880000000000062954,	 2.00000000000000000000,	 1.50000000000000000000,	 7.06858347057703451100, 320961.18530716805253177881,	 1.91869053534776767833,	 0.41869053534776767833,	 11.56537553567373599606,	 4.73866691207120727114,	 0.40972875437158540191,	 237495.76113248465117067099,	 237495.84507131073041819036,	 0.00000000000000000000,	 0.00000000000000000000,	 -0.85418413615579957821,	 0.00000000000000000000,	 0.00000000000000000000,	 -0.04270920680778998030,	 0.05000000000000000278,	 0.00055461964540953225,	 0.00000000000000000000,	 0.00000000000000000000
6.05990000000000073044,	 2.00000000000000000000,	 1.50000000000000000000,	 7.06858347057703451100, 320961.18530716805253177881,	 1.91848144673905141033,	 0.41848144673905141033,	 11.56285500776692387603,	 4.87823548959933273039,	 0.42188849434871894539,	 237355.03216159180738031864,	 237355.12115654264925979078,	 0.00000000000000000000,	 0.00000000000000000000,	 -0.87963007422527039747,	 0.00000000000000000000,	 0.00000000000000000000,	 -0.04398150371126351849,	 0.04999999999999999584,	 0.00057111050919225769,	 0.00000000000000000000,	 0.00000000000000000000
6.06099999999999994316,	 2.00000000000000000000,	 1.50000000000000000000,	 7.06858347057703451100, 320961.18530716805253177881,	 1.91826595061247884288,	 0.41826595061247884288,	 11.56025752575755483065,	 5.01577520452698433218,	 0.43388092292505359149,	 237210.86763216688996180892,	 237210.96175849452265538275,	 0.00000000000000000000,	 0.00000000000000000000,	 -0.90473570213039711252,	 0.00000000000000000000,	 0.00000000000000000000,	 -0.04523678510651985701,	 0.05000000000000000278,	 0.00058737765123898281,	 0.00000000000000000000,	 0.00000000000000000000
6.06210000000000004405,	 2.00000000000000000000,	 1.50000000000000000000,	 7.06858347057703451100, 320961.18530716805253177881,	 1.91804411993186274543,	 0.41804411993186274543,	 11.55758399499102573316,	 5.15095842325089314784,	 0.44567778399735463735,	 237063.36230630200589075685,	 237063.46162064556847326458,	 0.00000000000000000000,	 0.00000000000000000000,	 -0.92944219450632237223,	 0.00000000000000000000,	 0.00000000000000000000,	 -0.04647210972531612416,	 0.05000000000000000278,	 0.00060338284954584911,	 0.00000000000000000000,	 0.00000000000000000000
6.06320000000000014495,	 2.00000000000000000000,	 1.50000000000000000000,	 7.06858347057703451100, 320961.18530716805253177881,	 1.91781604346336176370,	 0.41781604346336176370,	 11.55483551158631527755,	 5.28344847701035380538,	 0.45724999475003441640,	 236912.61953290761448442936,	 236912.72407168647623620927,	 0.00000000000000000000,	 0.00000000000000000000,	 -0.95368895532710629137,	 0.00000000000000000000,	 0.00000000000000000000,	 -0.04768444776635531734,	 0.05000000000000000278,	 0.00061908674772272036,	 0.00000000000000000000,	 0.00000000000000000000
6.06430000000000024585,	 2.00000000000000000000,	 1.50000000000000000000,	 7.06858347057703451100, 320961.18530716805253177881,	 1.91758182542935662340,	 0.41758182542935662340,	 11.55201335812055596364,	 5.41290994039088246836,	 0.46856853195948267032,	 236758.74982980443746782839,	 236758.85960803899797610939,	 0.00000000000000000000,	 0.00000000000000000000,	 -0.97741546304980786442,	 0.00000000000000000000,	 0.00000000000000000000,	 -0.04887077315249039461,	 0.05000000000000000278,	 0.00063445005388230644,	 0.00000000000000000000,	 0.00000000000000000000
6.06540000000000034674,	 2.00000000000000000000,	 1.50000000000000000000,	 7.06858347057703451100, 320961.18530716805253177881,	 1.91734158489140860127,	 0.41734158489140860127,	 11.54911899604424441179,	 5.53902265256397718929,	 0.47960564389900040005,	 236601.86982664529932662845,	 236601.98483743213000707328,	 0.00000000000000000000,	 0.00000000000000000000,	 -1.00056379661981531548,	 0.00000000000000000000,	 0.00000000000000000000,	 -0.05002818983099076300,	 0.04999999999999999584,	 0.00064943518094112414,	 0.00000000000000000000,	 0.00000000000000000000
6.06650000000000044764,	 2.00000000000000000000,	 1.50000000000000000000,	 7.06858347057703451100, 320961.18530716805253177881,	 1.91709545496503519502,	 0.41709545496503519502,	 11.54615405606824296569,	 5.66149396050691500193,	 0.49033591038320134547,	 236442.10133087029680609703,	 236442.22154552279971539974,	 0.00000000000000000000,	 0.00000000000000000000,	 -1.02308084683690259098,	 0.00000000000000000000,	 0.00000000000000000000,	 -0.05115404234184513232,	 0.05000000000000000278,	 0.00066400768199214406,	 0.00000000000000000000,	 0.00000000000000000000
6.06760000000000054854,	 2.00000000000000000000,	 1.50000000000000000000,	 7.06858347057703451100, 320961.18530716805253177881,	 1.91684358190314285686,	 0.41684358190314285686,	 11.54312032696889822603,	 5.78006653045468610230,	 0.50073692093032795558,	 236279.57039355972665362060,	 236279.69576229172525927424,	 0.00000000000000000000,	 0.00000000000000000000,	 -1.04491973295634266172,	 0.00000000000000000000,	 0.00000000000000000000,	 -0.05224598664781713447,	 0.05000000000000000278,	 0.00067813716919518010,	 0.00000000000000000000,	 0.00000000000000000000
6.06870000000000064944,	 2.00000000000000000000,	 1.50000000000000000000,	 7.06858347057703451100, 320961.18530716805253177881,	 1.91658612406412753870,	 0.41658612406412753870,	 11.54001974300668642570,	 5.89452120243744559502,	 0.51078952494943141716,	 236114.40633831045124679804,	 236114.53679127985378727317,	 0.00000000000000000000,	 0.00000000000000000000,	 -1.06604032771832968329,	 0.00000000000000000000,	 0.00000000000000000000,	 -0.05330201638591648694,	 0.05000000000000000278,	 0.00069179765356037744,	 0.00000000000000000000,	 0.00000000000000000000
6.06979999999999986215,	 2.00000000000000000000,	 1.50000000000000000000,	 7.06858347057703451100, 320961.18530716805253177881,	 1.91632325077241350009,	 0.41632325077241350009,	 11.53685437005429470503,	 6.00467607002039560626,	 0.52047775567025178489,	 235946.74082410850678570569,	 235946.87627265558694489300,	 0.00000000000000000000,	 0.00000000000000000000,	 -1.08640910234839038750,	 0.00000000000000000000,	 0.00000000000000000000,	 -0.05432045511741952215,	 0.05000000000000000278,	 0.00070496744314580090,	 0.00000000000000000000,	 0.00000000000000000000
6.07089999999999996305,	 2.00000000000000000000,	 1.50000000000000000000,	 7.06858347057703451100, 320961.18530716805253177881,	 1.91605514117317343725,	 0.41605514117317343725,	 11.53362639166154224313,	 6.11038114080812899687,	 0.52978837126419731085,	 235776.70740033197216689587,	 235776.84773819113615900278,	 0.00000000000000000000,	 0.00000000000000000000,	 -1.10599817276618739292,	 0.00000000000000000000,	 0.00000000000000000000,	 -0.05529990863830937242,	 0.05000000000000000278,	 0.00071762852283817249,	 0.00000000000000000000,	 0.00000000000000000000
6.07200000000000006395,	 2.00000000000000000000,	 1.50000000000000000000,	 7.06858347057703451100, 320961.18530716805253177881,	 1.91578198316995762518,	 0.41578198316995762518,	 11.53033809612638727060,	 6.21151008804470095015,	 0.53871014329852606739,	 235604.44114434719085693359,	 235604.58624865644378587604,	 0.00000000000000000000,	 0.00000000000000000000,	 -1.12478381784788838971,	 0.00000000000000000000,	 0.00000000000000000000,	 -0.05623919089239442365,	 0.05000000000000000278,	 0.00072976559172828665,	 0.00000000000000000000,	 0.00000000000000000000
6.07310000000000016485,	 2.00000000000000000000,	 1.50000000000000000000,	 7.06858347057703451100, 320961.18530716805253177881,	 1.91550397235412606101,	 0.41550397235412606101,	 11.52699186347571647104,	 6.30795523698619220454,	 0.54723342496436566673,	 235430.07775729292188771069,	 235430.22748950362438336015,	 0.00000000000000000000,	 0.00000000000000000000,	 -1.14274558103228351946,	 0.00000000000000000000,	 0.00000000000000000000,	 -0.05713727905161417736,	 0.05000000000000000278,	 0.00074136547922281401,	 0.00000000000000000000,	 0.00000000000000000000
6.07420000000000026574,	 2.00000000000000000000,	 1.50000000000000000000,	 7.06858347057703451100, 320961.18530716805253177881,	 1.91522131101850567880,	 0.41522131101850567880,	 11.52359015346923776235,	 6.39962259723282222978,	 0.55534972278636463017,	 235253.75412778751342557371,	 235253.90833444480085745454,	 0.00000000000000000000,	 0.00000000000000000000,	 -1.15986537867215422359,	 0.00000000000000000000,	 0.00000000000000000000,	 -0.05799326893360771257,	 0.05000000000000000278,	 0.00075241656570236028,	 0.00000000000000000000,	 0.00000000000000000000
6.07530000000000036664,	 2.00000000000000000000,	 1.50000000000000000000,	 7.06858347057703451100, 320961.18530716805253177881,	 1.91493420733569230663,	 0.41493420733569230663,	 11.52013549559401006661,	 6.48642835122886651789,	 0.56305139411855575915,	 235075.60726113003329373896,	 235075.76577456624363549054,	 0.00000000000000000000,	 0.00000000000000000000,	 -1.17612687049326192223,	 0.00000000000000000000,	 0.00000000000000000000,	 -0.05880634352466309472,	 0.04999999999999999584,	 0.00076290837340617422,	 0.00000000000000000000,	 0.00000000000000000000
6.07640000000000046754,	 2.00000000000000000000,	 1.50000000000000000000,	 7.06858347057703451100, 320961.18530716805253177881,	 1.91464287446345338140,	 0.41464287446345338140,	 11.51663047819075913480,	 6.56830054333681356837,	 0.57033179589944449361,	 234895.77458635758375748992,	 234895.93722553629777394235,	 0.00000000000000000000,	 0.00000000000000000000,	 -1.19151577248424533906,	 0.00000000000000000000,	 0.00000000000000000000,	 -0.05957578862421227667,	 0.05000000000000000971,	 0.00077283176869371391,	 0.00000000000000000000,	 0.00000000000000000000
6.07750000000000056843,	 2.00000000000000000000,	 1.50000000000000000000,	 7.06858347057703451100, 320961.18530716805253177881,	 1.91434752994533941006,	 0.41434752994533941006,	 11.51307774114130388909,	 6.64517543923472597811,	 0.57718497074753383203,	 234714.39412791529321111739,	 234714.56069916053093038499,	 0.00000000000000000000,	 0.00000000000000000000,	 -1.20601920334499390641,	 0.00000000000000000000,	 0.00000000000000000000,	 -0.06030096016724969393,	 0.04999999999999999584,	 0.00078217853741823818,	 0.00000000000000000000,	 0.00000000000000000000
6.07860000000000066933,	 2.00000000000000000000,	 1.50000000000000000000,	 7.06858347057703451100, 320961.18530716805253177881,	 1.91404839505828472390,	 0.41404839505828472390,	 11.50947996792616123685,	 6.71699968670199698551,	 0.58360583670335031137,	 234531.60352545423666015267,	 234531.77382334053982049227,	 0.00000000000000000000,	 0.00000000000000000000,	 -1.21962608303972142032,	 0.00000000000000000000,	 0.00000000000000000000,	 -0.06098130415198607657,	 0.05000000000000000278,	 0.00079094164273896782,	 0.00000000000000000000,	 0.00000000000000000000
6.07969999999999988205,	 2.00000000000000000000,	 1.50000000000000000000,	 7.06858347057703451100, 320961.18530716805253177881,	 1.91374569391628024384,	 0.41374569391628024384,	 11.50583987475789093935,	 6.78373973195019619453,	 0.58959100820034149315,	 234347.53863133277627639472,	 234347.71244011123781092465,	 0.00000000000000000000,	 0.00000000000000000000,	 -1.23232885137168945988,	 0.00000000000000000000,	 0.00000000000000000000,	 -0.06161644256858447855,	 0.05000000000000000278,	 0.00079911633869950778,	 0.00000000000000000000,	 0.00000000000000000000
6.08079999999999998295,	 2.00000000000000000000,	 1.50000000000000000000,	 7.06858347057703451100, 320961.18530716805253177881,	 1.91343965235475099718,	 0.41343965235475099718,	 11.50216019709007930771,	 6.84539300658591631787,	 0.59513977281569474531,	 234162.33232245687395334244,	 234162.50941813146346248686,	 0.00000000000000000000,	 0.00000000000000000000,	 -1.24412551414055472243,	 0.00000000000000000000,	 0.00000000000000000000,	 -0.06220627570702774028,	 0.05000000000000000278,	 0.00080670149558818589,	 0.00000000000000000000,	 0.00000000000000000000
6.08190000000000008384,	 2.00000000000000000000,	 1.50000000000000000000,	 7.06858347057703451100, 320961.18530716805253177881,	 1.91313049674255397647,	 0.41313049674255397647,	 11.49844367527153998765,	 6.90199417060551478897,	 0.60025464015177010246,	 233976.11383010586723685265,	 233976.29398292239056900144,	 0.00000000000000000000,	 0.00000000000000000000,	 -1.25502079690603585149,	 0.00000000000000000000,	 0.00000000000000000000,	 -0.06275103984530179535,	 0.05000000000000000278,	 0.00081370034599543108,	 0.00000000000000000000,	 0.00000000000000000000
6.08300000000000018474,	 2.00000000000000000000,	 1.50000000000000000000,	 7.06858347057703451100, 320961.18530716805253177881,	 1.91281845286967833175,	 0.41281845286967833175,	 11.49469304112701273368,	 6.95361308891541440858,	 0.60494117276868475397,	 233789.00852085376391187310,	 233789.19149776501581072807,	 0.00000000000000000000,	 0.00000000000000000000,	 -1.26502579868179410028,	 0.00000000000000000000,	 0.00000000000000000000,	 -0.06325128993408971056,	 0.05000000000000000278,	 0.00082012025795804482,	 0.00000000000000000000,	 0.00000000000000000000
6.08410000000000028564,	 2.00000000000000000000,	 1.50000000000000000000,	 7.06858347057703451100, 320961.18530716805253177881,	 1.91250374497602670942,	 0.41250374497602670942,	 11.49091100624943884156,	 7.00034628078253984285,	 0.60920724884000376775,	 233601.13780251366551965475,	 233601.32336924967239610851,	 0.00000000000000000000,	 0.00000000000000000000,	 -1.27415645682333611433,	 0.00000000000000000000,	 0.00000000000000000000,	 -0.06370782284116680017,	 0.04999999999999999584,	 0.00082597173754222358,	 0.00000000000000000000,	 0.00000000000000000000
6.08520000000000038654,	 2.00000000000000000000,	 1.50000000000000000000,	 7.06858347057703451100, 320961.18530716805253177881,	 1.91218659489961217979,	 0.41218659489961217979,	 11.48710025174195337172,	 7.04230657337534005080,	 0.61306216704319393962,	 233412.61903742840513586998,	 233412.80696003872435539961,	 0.00000000000000000000,	 0.00000000000000000000,	 -1.28243168041951238756,	 0.00000000000000000000,	 0.00000000000000000000,	 -0.06412158402097561938,	 0.05000000000000000278,	 0.00083126721702949226,	 0.00000000000000000000,	 0.00000000000000000000
6.08630000000000048743,	 2.00000000000000000000,	 1.50000000000000000000,	 7.06858347057703451100, 320961.18530716805253177881,	 1.91186722138405085225,	 0.41186722138405085225,	 11.48326341988716947640,	 7.07961282571684602516,	 0.61651575574379779976,	 233223.56580908008618280292,	 233223.75585491862148046494,	 0.00000000000000000000,	 0.00000000000000000000,	 -1.28987149075653029229,	 0.00000000000000000000,	 0.00000000000000000000,	 -0.06449357453782651739,	 0.05000000000000000278,	 0.00083601984830521841,	 0.00000000000000000000,	 0.00000000000000000000
6.08740000000000058833,	 2.00000000000000000000,	 1.50000000000000000000,	 7.06858347057703451100, 320961.18530716805253177881,	 1.91154583959619706057,	 0.41154583959619706057,	 11.47940310835247856858,	 7.11238094448920410429,	 0.61957759278565582850,	 233034.08833013978437520564,	 233034.28026833652984350920,	 0.00000000000000000000,	 0.00000000000000000000,	 -1.29649539122020307502,	 0.00000000000000000000,	 0.00000000000000000000,	 -0.06482476956101015930,	 0.05000000000000000278,	 0.00084024244559403861,	 0.00000000000000000000,	 0.00000000000000000000
6.08850000000000068923,	 2.00000000000000000000,	 1.50000000000000000000,	 7.06858347057703451100, 320961.18530716805253177881,	 1.91122266079899882918,	 0.41122266079899882918,	 11.47552186626874437536,	 7.14071913131804514308,	 0.62225659229560104091,	 232844.29360764779266901314,	 232844.48720928112743422389,	 0.00000000000000000000,	 0.00000000000000000000,	 -1.30232150352479103539,	 0.00000000000000000000,	 0.00000000000000000000,	 -0.06511607517623956010,	 0.05000000000000000971,	 0.00084394692538231563,	 0.00000000000000000000,	 0.00000000000000000000
6.08959999999999990195,	 2.00000000000000000000,	 1.50000000000000000000,	 7.06858347057703451100, 320961.18530716805253177881,	 1.91089789205718352250,	 0.41089789205718352250,	 11.47162219071075384136,	 7.16472964938268130908,	 0.62456115885549157163,	 232654.28518564649857580662,	 232654.48022396708256565034,	 0.00000000000000000000,	 0.00000000000000000000,	 -1.30736689061521360600,	 0.00000000000000000000,	 0.00000000000000000000,	 -0.06536834453076068030,	 0.05000000000000000278,	 0.00084714451559315159,	 0.00000000000000000000,	 0.00000000000000000000
6.09070000000000000284,	 2.00000000000000000000,	 1.50000000000000000000,	 7.06858347057703451100, 320961.18530716805253177881,	 1.91057173585911410640,	 0.41057173585911410640,	 11.46770652217836250486,	 7.18451681936118013994,	 0.62649988517463706117,	 232464.16251032895524986088,	 232464.35876138202729634941,	 0.00000000000000000000,	 0.00000000000000000000,	 -1.31164901775943620876,	 0.00000000000000000000,	 0.00000000000000000000,	 -0.06558245088797182154,	 0.05000000000000000971,	 0.00084984670211965486,	 0.00000000000000000000,	 0.00000000000000000000
6.09180000000000010374,	 2.00000000000000000000,	 1.50000000000000000000,	 7.06858347057703451100, 320961.18530716805253177881,	 1.91024438959236331215,	 0.41024438959236331215,	 11.46377723832983797081,	 7.20019829232399377617,	 0.62808253707597283544,	 232274.02010387295740656555,	 232274.21734770963666960597,	 0.00000000000000000000,	 0.00000000000000000000,	 -1.31518781680076535245,	 0.00000000000000000000,	 0.00000000000000000000,	 -0.06575939084003827595,	 0.05000000000000000971,	 0.00085206656562886532,	 0.00000000000000000000,	 0.00000000000000000000
6.09290000000000020464,	 2.00000000000000000000,	 1.50000000000000000000,	 7.06858347057703451100, 320961.18530716805253177881,	 1.90991604487321486872,	 0.40991604487321486872,	 11.45983664597188322887,	 7.21191547330874538346,	 0.62932096644184920553,	 232083.94673380808671936393,	 232084.14475624749320559204,	 0.00000000000000000000,	 0.00000000000000000000,	 -1.31800760170822117701,	 0.00000000000000000000,	 0.00000000000000000000,	 -0.06590038008541106163,	 0.05000000000000000278,	 0.00085382002133029314,	 0.00000000000000000000,	 0.00000000000000000000
6.09400000000000030553,	 2.00000000000000000000,	 1.50000000000000000000,	 7.06858347057703451100, 320961.18530716805253177881,	 1.90958688677347176998,	 0.40958688677347176998,	 11.45588697182881432468,	 7.21983966459459036713,	 0.63022965243537287794,	 231894.02471886388957500458,	 231894.22331357130315154791,	 0.00000000000000000000,	 0.00000000000000000000,	 -1.32013820748473764688,	 0.00000000000000000000,	 0.00000000000000000000,	 -0.06600691037423689345,	 0.05000000000000000971,	 0.00085512655502000229,	 0.00000000000000000000,	 0.00000000000000000000
6.09510000000000040643,	 2.00000000000000000000,	 1.50000000000000000000,	 7.06858347057703451100, 320961.18530716805253177881,	 1.90925709301754564784,	 0.40925709301754564784,	 11.45193035296758132802,	 7.22417208798002796755,	 0.63082570931877890441,	 231704.32949832372833043337,	 231704.52846886150655336678,	 0.00000000000000000000,	 0.00000000000000000000,	 -1.32161501272051440381,	 0.00000000000000000000,	 0.00000000000000000000,	 -0.06608075063602572574,	 0.05000000000000000278,	 0.00085600923568802229,	 0.00000000000000000000,	 0.00000000000000000000
6.09620000000000050733,	 2.00000000000000000000,	 1.50000000000000000000,	 7.06858347057703451100, 320961.18530716805253177881,	 1.90892683322205614083,	 0.40892683322205614083,	 11.44796882774529400706,	 7.22513828798039448031,	 0.63112840336091335924,	 231514.92941009122296236455,	 231515.12857162198633886874,	 0.00000000000000000000,	 0.00000000000000000000,	 -1.32247793341694253044,	 0.00000000000000000000,	 0.00000000000000000000,	 -0.06612389667084712930,	 0.05000000000000000278,	 0.00085649406189662939,	 0.00000000000000000000,	 0.00000000000000000000
6.09730000000000060822,	 2.00000000000000000000,	 1.50000000000000000000,	 7.06858347057703451100, 320961.18530716805253177881,	 1.90859626822082928399,	 0.40859626822082928399,	 11.44400432779261755911,	 7.22297935924081446757,	 0.63115839109736004975,	 231325.88566927041392773390,	 231326.08484972774749621749,	 0.00000000000000000000,	 0.00000000000000000000,	 -1.32276983164327011089,	 0.00000000000000000000,	 0.00000000000000000000,	 -0.06613849158216350554,	 0.05000000000000000278,	 0.00085660892959426237,	 0.00000000000000000000,	 0.00000000000000000000
6.09840000000000070912,	 2.00000000000000000000,	 1.50000000000000000000,	 7.06858347057703451100, 320961.18530716805253177881,	 1.90826554953431837269,	 0.40826554953431837269,	 11.44003867173934274604,	 7.21794188444774942326,	 0.63093684309638209395,	 231137.25266066935728304088,	 231137.45170131933991797268,	 0.00000000000000000000,	 0.00000000000000000000,	 -1.32253468234618010158,	 0.00000000000000000000,	 0.00000000000000000000,	 -0.06612673411730901618,	 0.05000000000000000971,	 0.00085638244392455016,	 0.00000000000000000000,	 0.00000000000000000000
6.09949999999999992184,	 2.00000000000000000000,	 1.50000000000000000000,	 7.06858347057703451100, 320961.18530716805253177881,	 1.90793481904594197651,	 0.40793481904594197651,	 11.43607356142883801908,	 7.21026794892152000926,	 0.63048457236581989527,	 230949.07851401143125258386,	 230949.27726940941647626460,	 0.00000000000000000000,	 0.00000000000000000000,	 -1.32181574773312693338,	 0.00000000000000000000,	 0.00000000000000000000,	 -0.06609078738665634389,	 0.04999999999999999584,	 0.00085584273663672676,	 0.00000000000000000000,	 0.00000000000000000000
6.10060000000000002274,	 2.00000000000000000000,	 1.50000000000000000000,	 7.06858347057703451100, 320961.18530716805253177881,	 1.90760420889835979885,	 0.40760420889835979885,	 11.43211058077417696666,	 7.20018711663897548192,	 0.62982133226980929752,	 230761.40573917282745242119,	 230761.60407662810757756233,	 0.00000000000000000000,	 0.00000000000000000000,	 -1.32065410493832091632,	 0.00000000000000000000,	 0.00000000000000000000,	 -0.06603270524691605414,	 0.05000000000000000971,	 0.00085501651291611876,	 0.00000000000000000000,	 0.00000000000000000000
6.10170000000000012363,	 2.00000000000000000000,	 1.50000000000000000000,	 7.06858347057703451100, 320961.18530716805253177881,	 1.90727384156266177584,	 0.40727384156266177584,	 11.42815119668889423110,	 7.18791226486601519952,	 0.62896545041761320327,	 230574.27175483261817134917,	 230574.46955360152060166001,	 0.00000000000000000000,	 0.00000000000000000000,	 -1.31908787655220205437,	 0.00000000000000000000,	 0.00000000000000000000,	 -0.06595439382761010549,	 0.05000000000000000278,	 0.00085392855378834851,	 0.00000000000000000000,	 0.00000000000000000000
6.10280000000000022453,	 2.00000000000000000000,	 1.50000000000000000000,	 7.06858347057703451100, 320961.18530716805253177881,	 1.90694383001549261358,	 0.40694383001549261358,	 11.42419676131106598405,	 7.17363981214726731395,	 0.62793384620626968573,	 230387.70924589605419896543,	 230387.90639635364641435444,	 0.00000000000000000000,	 0.00000000000000000000,	 -1.31715226494357340314,	 0.00000000000000000000,	 0.00000000000000000000,	 -0.06585761324717867571,	 0.05000000000000000278,	 0.00085260173913438979,	 0.00000000000000000000,	 0.00000000000000000000
6.10390000000000032543,	 2.00000000000000000000,	 1.50000000000000000000,	 7.06858347057703451100, 320961.18530716805253177881,	 1.90661427795234938998,	 0.40661427795234938998,	 11.42024851465914991877,	 7.15755376517599284369,	 0.62674238270633797487,	 230201.74630505620734766126,	 230201.94270806334679946303,	 0.00000000000000000000,	 0.00000000000000000000,	 -1.31488028796142630839,	 0.00000000000000000000,	 0.00000000000000000000,	 -0.06574401439807131542,	 0.05000000000000000278,	 0.00085105752469347726,	 0.00000000000000000000,	 0.00000000000000000000
6.10500000000000042633,	 2.00000000000000000000,	 1.50000000000000000000,	 7.06858347057703451100, 320961.18530716805253177881,	 1.90628527997897290192,	 0.40628527997897290192,	 11.41630758702323333864,	 7.13983198432022891922,	 0.62540641357946435974,	 230016.40639978006947785616,	 230016.60196637114859186113,	 0.00000000000000000000,	 0.00000000000000000000,	 -1.31230392459697919882,	 0.00000000000000000000,	 0.00000000000000000000,	 -0.06561519622984895994,	 0.05000000000000000278,	 0.00084931668415726873,	 0.00000000000000000000,	 0.00000000000000000000
6.10610000000000052722,	 2.00000000000000000000,	 1.50000000000000000000,	 7.06858347057703451100, 320961.18530716805253177881,	 1.90595692173010311521,	 0.40595692173010311521,	 11.41237500048428543664,	 7.12065321298262166039,	 0.62394139805960247003,	 229831.70800121559295803308,	 229831.90265264970366843045,	 0.00000000000000000000,	 0.00000000000000000000,	 -1.30945540467562993037,	 0.00000000000000000000,	 0.00000000000000000000,	 -0.06547277023378149374,	 0.04999999999999999584,	 0.00084740014408790859,	 0.00000000000000000000,	 0.00000000000000000000
6.10720000000000062812,	 2.00000000000000000000,	 1.50000000000000000000,	 7.06858347057703451100, 320961.18530716805253177881,	 1.90562927969459083855,	 0.40562927969459083855,	 11.40845166691605072629,	 7.10020856552585399868,	 0.62236390816434017381,	 229647.66333145028329454362,	 229647.85699986736290156841,	 0.00000000000000000000,	 0.00000000000000000000,	 -1.30636932334306798964,	 0.00000000000000000000,	 0.00000000000000000000,	 -0.06531846616715339393,	 0.04999999999999999584,	 0.00084533035206635376,	 0.00000000000000000000,	 0.00000000000000000000
6.10830000000000072902,	 2.00000000000000000000,	 1.50000000000000000000,	 7.06858347057703451100, 320961.18530716805253177881,	 1.90530242119815862445,	 0.40530242119815862445,	 11.40453838787626672513,	 7.07869943713197713464,	 0.62069144724499103472,	 229464.28041870929882861674,	 229464.47304764564614742994,	 0.00000000000000000000,	 0.00000000000000000000,	 -1.30308226208974464733,	 0.00000000000000000000,	 0.00000000000000000000,	 -0.06515411310448723792,	 0.05000000000000000278,	 0.00084313103084746814,	 0.00000000000000000000,	 0.00000000000000000000
6.10939999999999994174,	 2.00000000000000000000,	 1.50000000000000000000,	 7.06858347057703451100, 320961.18530716805253177881,	 1.90497640480615393344,	 0.40497640480615393344,	 11.40063585952479563446,	 7.05632349693768734511,	 0.61894122256719552588,	 229281.56341038079699501395,	 229281.75495449927984736860,	 0.00000000000000000000,	 0.00000000000000000000,	 -1.29963021275358547868,	 0.00000000000000000000,	 0.00000000000000000000,	 -0.06498151063767927671,	 0.05000000000000000278,	 0.00084082551133861502,	 0.00000000000000000000,	 0.00000000000000000000
6.11050000000000004263,	 2.00000000000000000000,	 1.50000000000000000000,	 7.06858347057703451100, 320961.18530716805253177881,	 1.90465128052110377332,	 0.40465128052110377332,	 11.39674467508076283195,	 7.03327035251140308958,	 0.61712976407112163368,	 229099.51198564027436077595,	 229099.70241021312540397048,	 0.00000000000000000000,	 0.00000000000000000000,	 -1.29604777605752108371,	 0.00000000000000000000,	 0.00000000000000000000,	 -0.06480238880287605974,	 0.05000000000000000278,	 0.00083843621437946071,	 0.00000000000000000000,	 0.00000000000000000000
6.11160000000000014353,	 2.00000000000000000000,	 1.50000000000000000000,	 7.06858347057703451100, 320961.18530716805253177881,	 1.90432708989266852306,	 0.40432708989266852306,	 11.39286532622859660080,	 7.00972121857623253760,	 0.61527289385563854740,	 228918.12135885108727961779,	 228918.31063921804889105260,	 0.00000000000000000000,	 0.00000000000000000000,	 -1.29236809605080282815,	 0.00000000000000000000,	 0.00000000000000000000,	 -0.06461840480254014973,	 0.05000000000000000971,	 0.00083598460880431665,	 0.00000000000000000000,	 0.00000000000000000000
6.11270000000000024443,	 2.00000000000000000000,	 1.50000000000000000000,	 7.06858347057703451100, 320961.18530716805253177881,	 1.90400386734200965932,	 0.40400386734200965932,	 11.38899821905040710135,	 6.98584977569991760760,	 0.61338579928958703036,	 228737.38976134214317426085,	 228737.57788241154048591852,	 0.00000000000000000000,	 0.00000000000000000000,	 -1.28862301135107215622,	 0.00000000000000000000,	 0.00000000000000000000,	 -0.06443115056755362169,	 0.05000000000000000971,	 0.00083349131002499733,	 0.00000000000000000000,	 0.00000000000000000000
6.11380000000000034532,	 2.00000000000000000000,	 1.50000000000000000000,	 7.06858347057703451100, 320961.18530716805253177881,	 1.90368163800917122863,	 0.40368163800917122863,	 11.38514364835278236399,	 6.96182353846177726098,	 0.61148315326430013883,	 228557.29384627903345972300,	 228557.48080210239277221262,	 0.00000000000000000000,	 0.00000000000000000000,	 -1.28484330794675472021,	 0.00000000000000000000,	 0.00000000000000000000,	 -0.06424216539733774989,	 0.05000000000000000971,	 0.00083097624348753708,	 0.00000000000000000000,	 0.00000000000000000000
6.11490000000000044622,	 2.00000000000000000000,	 1.50000000000000000000,	 7.06858347057703451100, 320961.18530716805253177881,	 1.90336041823161283837,	 0.40336041823161283837,	 11.38130180348543518676,	 6.93780530581503729337,	 0.60957924019644116331,	 228377.81791948256432078779,	 228378.00371290760813280940,	 0.00000000000000000000,	 0.00000000000000000000,	 -1.28105898253950911680,	 0.00000000000000000000,	 0.00000000000000000000,	 -0.06405294912697546972,	 0.05000000000000000971,	 0.00082845881544445579,	 0.00000000000000000000,	 0.00000000000000000000
6.11600000000000054712,	 2.00000000000000000000,	 1.50000000000000000000,	 7.06858347057703451100, 320961.18530716805253177881,	 1.90304021685511326467,	 0.40304021685511326467,	 11.37747278410599882648,	 6.91395531524790474265,	 0.60768814361889755826,	 228198.94138300430495291948,	 228199.12602544424589723349,	 0.00000000000000000000,	 0.00000000000000000000,	 -1.27729963505056831607,	 0.00000000000000000000,	 0.00000000000000000000,	 -0.06386498175252841580,	 0.05000000000000000278,	 0.00082595816734338775,	 0.00000000000000000000,	 0.00000000000000000000
6.11710000000000064801,	 2.00000000000000000000,	 1.50000000000000000000,	 7.06858347057703451100, 320961.18530716805253177881,	 1.90272103517335566814,	 0.40272103517335566814,	 11.37365659953393404180,	 6.89043241832072883568,	 0.60582384899884200724,	 228020.63952433667145669460,	 228020.82303560466971248388,	 0.00000000000000000000,	 0.00000000000000000000,	 -1.27359468424365362971,	 0.00000000000000000000,	 0.00000000000000000000,	 -0.06367973421218268981,	 0.05000000000000000971,	 0.00082349331541480691,	 0.00000000000000000000,	 0.00000000000000000000
6.11819999999999986073,	 2.00000000000000000000,	 1.50000000000000000000,	 7.06858347057703451100, 320961.18530716805253177881,	 1.90240286720001772203,	 0.40240286720001772203,	 11.36985317207890666680,	 6.86738686332388681421,	 0.60399960838440869271,	 227842.88494948961306363344,	 227843.06735725307953543961,	 0.00000000000000000000,	 0.00000000000000000000,	 -1.26997203126251267946,	 0.00000000000000000000,	 0.00000000000000000000,	 -0.06349860156312563120,	 0.04999999999999999584,	 0.00082108228678221917,	 0.00000000000000000000,	 0.00000000000000000000
6.11929999999999996163,	 2.00000000000000000000,	 1.50000000000000000000,	 7.06858347057703451100, 320961.18530716805253177881,	 1.90208570015566635902,	 0.40208570015566635902,	 11.36606234293236994404,	 6.84495486858468904501,	 0.60222746119644587903,	 227665.64782213314902037382,	 227665.82916109065990895033,	 0.00000000000000000000,	 0.00000000000000000000,	 -1.26645705006280118177,	 0.00000000000000000000,	 0.00000000000000000000,	 -0.06332285250314007019,	 0.05000000000000000971,	 0.00081874146737937847,	 0.00000000000000000000,	 0.00000000000000000000
6.12040000000000006253,	 2.00000000000000000000,	 1.50000000000000000000,	 7.06858347057703451100, 320961.18530716805253177881,	 1.90176951473366395717,	 0.40176951473366395717,	 11.36228387541200568478,	 6.82326326802282956407,	 0.60051864069233285015,	 227488.89523800625465810299,	 227489.07554932517814449966,	 0.00000000000000000000,	 0.00000000000000000000,	 -1.26307343984622311162,	 0.00000000000000000000,	 0.00000000000000000000,	 -0.06315367199231115836,	 0.05000000000000000278,	 0.00081648615378833271,	 0.00000000000000000000,	 0.00000000000000000000
6.12150000000000016342,	 2.00000000000000000000,	 1.50000000000000000000,	 7.06858347057703451100, 320961.18530716805253177881,	 1.90145428527169868538,	 0.40145428527169868538,	 11.35851745707488547055,	 6.80243428246711712148,	 0.59888399240255441036,	 227312.59109460143372416496,	 227312.77042561961570754647,	 0.00000000000000000000,	 0.00000000000000000000,	 -1.25984410362404242179,	 0.00000000000000000000,	 0.00000000000000000000,	 -0.06299220518120213219,	 0.05000000000000000971,	 0.00081433112166235950,	 0.00000000000000000000,	 0.00000000000000000000
6.12260000000000026432,	 2.00000000000000000000,	 1.50000000000000000000,	 7.06858347057703451100, 320961.18530716805253177881,	 1.90113997994573336037,	 0.40113997994573336037,	 11.35476270209579396919,	 6.78258594658284597045,	 0.59733401080508330416,	 227136.69693175781867466867,	 227136.87533571803942322731,	 0.00000000000000000000,	 0.00000000000000000000,	 -1.25679122443605373327,	 0.00000000000000000000,	 0.00000000000000000000,	 -0.06283956122180268944,	 0.05000000000000000278,	 0.00081229067529139411,	 0.00000000000000000000,	 0.00000000000000000000
6.12370000000000036522,	 2.00000000000000000000,	 1.50000000000000000000,	 7.06858347057703451100, 320961.18530716805253177881,	 1.90082656133265226472,	 0.40082656133265226472,	 11.35101915804620631434,	 6.76382279515009265936,	 0.59587801773337112365,	 226961.17345824270159937441,	 226961.35099354872363619506,	 0.00000000000000000000,	 0.00000000000000000000,	 -1.25393453533310550441,	 0.00000000000000000000,	 0.00000000000000000000,	 -0.06269672676665528910,	 0.05000000000000000971,	 0.00081037752990211311,	 0.00000000000000000000,	 0.00000000000000000000
6.12480000000000046612,	 2.00000000000000000000,	 1.50000000000000000000,	 7.06858347057703451100, 320961.18530716805253177881,	 1.90051398712742036778,	 0.40051398712742036778,	 11.34728631451126013019,	 6.74622993952511684768,	 0.59452363785849215994,	 226785.98092884430661797523,	 226786.15765802230453118682,	 0.00000000000000000000,	 0.00000000000000000000,	 -1.25129021282732000309,	 0.00000000000000000000,	 0.00000000000000000000,	 -0.06256451064136600571,	 0.05000000000000000278,	 0.00080860209742801374,	 0.00000000000000000000,	 0.00000000000000000000
6.12590000000000056701,	 2.00000000000000000000,	 1.50000000000000000000,	 7.06858347057703451100, 320961.18530716805253177881,	 1.90020221074176709486,	 0.40020221074176709486,	 11.34356361028340032249,	 6.72987464741018914793,	 0.59327693471117703972,	 226611.07892809857730753720,	 226611.25491685920860618353,	 0.00000000000000000000,	 0.00000000000000000000,	 -1.24887115983216179238,	 0.00000000000000000000,	 0.00000000000000000000,	 -0.06244355799160809101,	 0.05000000000000000278,	 0.00080697267042900028,	 0.00000000000000000000,	 0.00000000000000000000
6.12700000000000066791,	 2.00000000000000000000,	 1.50000000000000000000,	 7.06858347057703451100, 320961.18530716805253177881,	 1.89989118174598736744,	 0.39989118174598736744,	 11.33985043867599529221,	 6.71481208386597483440,	 0.59214291406915375848,	 226436.42613942068419419229,	 226436.60145603603450581431,	 0.00000000000000000000,	 0.00000000000000000000,	 -1.24668806247098484796,	 0.00000000000000000000,	 0.00000000000000000000,	 -0.06233440312354924379,	 0.05000000000000000278,	 0.00080549610587767474,	 0.00000000000000000000,	 0.00000000000000000000
6.12809999999999988063,	 2.00000000000000000000,	 1.50000000000000000000,	 7.06858347057703451100, 320961.18530716805253177881,	 1.89958084619158107387,	 0.39958084619158107387,	 11.33614615140933779003,	 6.70109190099014639941,	 0.59112610330602077813,	 226261.98020876300870440900,	 226262.15492379802162759006,	 0.00000000000000000000,	 0.00000000000000000000,	 -1.24475060799050218918,	 0.00000000000000000000,	 0.00000000000000000000,	 -0.06223753039952511362,	 0.05000000000000000278,	 0.00080417861265702874,	 0.00000000000000000000,	 0.00000000000000000000
6.12919999999999998153,	 2.00000000000000000000,	 1.50000000000000000000,	 7.06858347057703451100, 320961.18530716805253177881,	 1.89927114688725096059,	 0.39927114688725096059,	 11.33245006193623183322,	 6.68876255764859450892,	 0.59023093162483974972,	 226087.69777716626413166523,	 226087.87196344259427860379,	 0.00000000000000000000,	 0.00000000000000000000,	 -1.24306828457259443965,	 0.00000000000000000000,	 0.00000000000000000000,	 -0.06215341422862972337,	 0.05000000000000000278,	 0.00080302626855974560,	 0.00000000000000000000,	 0.00000000000000000000
6.13030000000000008242,	 2.00000000000000000000,	 1.50000000000000000000,	 7.06858347057703451100, 320961.18530716805253177881,	 1.89896202358170107516,	 0.39896202358170107516,	 11.32876144765226911204,	 6.67787481366577839736,	 0.58946203823981802028,	 225913.53439776456798426807,	 225913.70813051183358766139,	 0.00000000000000000000,	 0.00000000000000000000,	 -1.24165103023600709164,	 0.00000000000000000000,	 0.00000000000000000000,	 -0.06208255151180035875,	 0.05000000000000000278,	 0.00080204543952900524,	 0.00000000000000000000,	 0.00000000000000000000
6.13140000000000018332,	 2.00000000000000000000,	 1.50000000000000000000,	 7.06858347057703451100, 320961.18530716805253177881,	 1.89865341333965997883,	 0.39865341333965997883,	 11.32507955440912184031,	 6.66847489164605100598,	 0.58882366870878677378,	 225739.44579065791913308203,	 225739.61914731434080749750,	 0.00000000000000000000,	 0.00000000000000000000,	 -1.24050796121461259780,	 0.00000000000000000000,	 0.00000000000000000000,	 -0.06202539806073063128,	 0.05000000000000000278,	 0.00080124195826841574,	 0.00000000000000000000,	 0.00000000000000000000
6.13250000000000028422,	 2.00000000000000000000,	 1.50000000000000000000,	 7.06858347057703451100, 320961.18530716805253177881,	 1.89834525101010198611,	 0.39834525101010198611,	 11.32140360212324203815,	 6.66059998921646023717,	 0.58831927765275637832,	 225565.38776039023650810122,	 225565.56082017646986059844,	 0.00000000000000000000,	 0.00000000000000000000,	 -1.23964653392677459642,	 0.00000000000000000000,	 0.00000000000000000000,	 -0.06198232669633872705,	 0.04999999999999999584,	 0.00080062058330046917,	 0.00000000000000000000,	 0.00000000000000000000
6.13360000000000038511,	 2.00000000000000000000,	 1.50000000000000000000,	 7.06858347057703451100, 320961.18530716805253177881,	 1.89803746952296648054,	 0.39803746952296648054,	 11.31773278833398244103,	 6.65427977538179860062,	 0.58795165956213890635,	 225391.31578413842362351716,	 225391.48862771541462279856,	 0.00000000000000000000,	 0.00000000000000000000,	 -1.23907281916812461731,	 0.00000000000000000000,	 0.00000000000000000000,	 -0.06195364095840624058,	 0.05000000000000000971,	 0.00080018517651373518,	 0.00000000000000000000,	 0.00000000000000000000
6.13470000000000048601,	 2.00000000000000000000,	 1.50000000000000000000,	 7.06858347057703451100, 320961.18530716805253177881,	 1.89773000007422809610,	 0.39773000007422809610,	 11.31406629042715472622,	 6.64953906784411774566,	 0.58772318432235992613,	 225217.18492615659488365054,	 225217.35763542729546315968,	 0.00000000000000000000,	 0.00000000000000000000,	 -1.23879199738502632222,	 0.00000000000000000000,	 0.00000000000000000000,	 -0.06193959986925132166,	 0.05000000000000000278,	 0.00079993902335643273,	 0.00000000000000000000,	 0.00000000000000000000
6.13580000000000058691,	 2.00000000000000000000,	 1.50000000000000000000,	 7.06858347057703451100, 320961.18530716805253177881,	 1.89742277231219769185,	 0.39742277231219769185,	 11.31040326787135796849,	 6.64639881444456115389,	 0.58763588326903459791,	 225042.95008079204126261175,	 225043.12273875769460573792,	 0.00000000000000000000,	 0.00000000000000000000,	 -1.23880853933874113260,	 0.00000000000000000000,	 0.00000000000000000000,	 -0.06194042696693705802,	 0.05000000000000000278,	 0.00079988494973129117,	 0.00000000000000000000,	 0.00000000000000000000
6.13690000000000068781,	 2.00000000000000000000,	 1.50000000000000000000,	 7.06858347057703451100, 320961.18530716805253177881,	 1.89711571458606997886,	 0.39711571458606997886,	 11.30674286519439597498,	 6.64487499686839377944,	 0.58769135162022179131,	 224868.56635779858333989978,	 224868.73904836096335202456,	 0.00000000000000000000,	 0.00000000000000000000,	 -1.23912599975157444732,	 0.00000000000000000000,	 0.00000000000000000000,	 -0.06195629998757873347,	 0.05000000000000000971,	 0.00080002518897087009,	 0.00000000000000000000,	 0.00000000000000000000
6.13799999999999990052,	 2.00000000000000000000,	 1.50000000000000000000,	 7.06858347057703451100, 320961.18530716805253177881,	 1.89680875426044504017,	 0.39680875426044504017,	 11.30308421574333443971,	 6.64497648852578937095,	 0.58789055816026136725,	 224693.98945695246220566332,	 224694.16226460665347985923,	 0.00000000000000000000,	 0.00000000000000000000,	 -1.23974661512879102965,	 0.00000000000000000000,	 0.00000000000000000000,	 -0.06198733075643955009,	 0.04999999999999999584,	 0.00080036112246799330,	 0.00000000000000000000,	 0.00000000000000000000
6.13910000000000000142,	 2.00000000000000000000,	 1.50000000000000000000,	 7.06858347057703451100, 320961.18530716805253177881,	 1.89650181807159068370,	 0.39650181807159068370,	 11.29942644593865885838,	 6.64670311857075635231,	 0.58823367277723848101,	 224519.17596865873201750219,	 224519.34897808561800047755,	 0.00000000000000000000,	 0.00000000000000000000,	 -1.24067093882434309471,	 0.00000000000000000000,	 0.00000000000000000000,	 -0.06203354694121716167,	 0.05000000000000000278,	 0.00080089304448134569,	 0.00000000000000000000,	 0.00000000000000000000
6.14020000000000010232,	 2.00000000000000000000,	 1.50000000000000000000,	 7.06858347057703451100, 320961.18530716805253177881,	 1.89619483249835307781,	 0.39619483249835307781,	 11.29576867969912967737,	 6.65004471821352804994,	 0.58871998062115560302,	 224344.08360386639833450317,	 224344.25689947418868541718,	 0.00000000000000000000,	 0.00000000000000000000,	 -1.24189765847105682006,	 0.00000000000000000000,	 0.00000000000000000000,	 -0.06209488292355284239,	 0.05000000000000000278,	 0.00080162004477023078,	 0.00000000000000000000,	 0.00000000000000000000
6.14130000000000020322,	 2.00000000000000000000,	 1.50000000000000000000,	 7.06858347057703451100, 320961.18530716805253177881,	 1.89588772413243078496,	 0.39588772413243078496,	 11.29211004285510533407,	 6.65498120067655474230,	 0.58934788763304546411,	 224168.67139288963517174125,	 224168.84505835597519762814,	 0.00000000000000000000,	 0.00000000000000000000,	 -1.24342360601070822668,	 0.00000000000000000000,	 0.00000000000000000000,	 -0.06217118030053541550,	 0.05000000000000000278,	 0.00080254001559594622,	 0.00000000000000000000,	 0.00000000000000000000
6.14240000000000030411,	 2.00000000000000000000,	 1.50000000000000000000,	 7.06858347057703451100, 320961.18530716805253177881,	 1.89558042004295113081,	 0.39558042004295113081,	 11.28844966749006140105,	 6.66148334794175767115,	 0.59011498869737266659,	 223992.89986977673834189773,	 223993.07398762667435221374,	 0.00000000000000000000,	 0.00000000000000000000,	 -1.24524389987949235525,	 0.00000000000000000000,	 0.00000000000000000000,	 -0.06226219499397461776,	 0.05000000000000000278,	 0.00080364974401005975,	 0.00000000000000000000,	 0.00000000000000000000
6.14350000000000040501,	 2.00000000000000000000,	 1.50000000000000000000,	 7.06858347057703451100, 320961.18530716805253177881,	 1.89527284813210150638,	 0.39527284813210150638,	 11.28478669617169849460,	 6.66951393545987247791,	 0.59101816587481159626,	 223816.73123907411354593933,	 223816.90589031029958277941,	 0.00000000000000000000,	 0.00000000000000000000,	 -1.24735215081521011449,	 0.00000000000000000000,	 0.00000000000000000000,	 -0.06236760754076051128,	 0.05000000000000000278,	 0.00080494504515528581,	 0.00000000000000000000,	 0.00000000000000000000
6.14460000000000050591,	 2.00000000000000000000,	 1.50000000000000000000,	 7.06858347057703451100, 320961.18530716805253177881,	 1.89496493747435046373,	 0.39496493747435046373,	 11.28112028598384242173,	 6.67902903848277507137,	 0.59205370292710135516,	 223640.12948898051399737597,	 223640.30475277410005219281,	 0.00000000000000000000,	 0.00000000000000000000,	 -1.24974070225532130074,	 0.00000000000000000000,	 0.00000000000000000000,	 -0.06248703511276606365,	 0.04999999999999999584,	 0.00080642091782223192,	 0.00000000000000000000,	 0.00000000000000000000
6.14570000000000060680,	 2.00000000000000000000,	 1.50000000000000000000,	 7.06858347057703451100, 320961.18530716805253177881,	 1.89465661863056844538,	 0.39465661863056844538,	 11.27744961225593023357,	 6.68997920867348039309,	 0.59321738856656469618,	 223463.06051231888704933226,	 223463.23646575392922386527,	 0.00000000000000000000,	 0.00000000000000000000,	 -1.25240084716846267199,	 0.00000000000000000000,	 0.00000000000000000000,	 -0.06262004235842313915,	 0.05000000000000000278,	 0.00080807168472393819,	 0.00000000000000000000,	 0.00000000000000000000
6.14680000000000070770,	 2.00000000000000000000,	 1.50000000000000000000,	 7.06858347057703451100, 320961.18530716805253177881,	 1.89434782395288925372,	 0.39434782395288925372,	 11.27377387217886273163,	 6.70231001240617541015,	 0.59450456328079881452,	 223285.49223564358544535935,	 223285.66895348147954791784,	 0.00000000000000000000,	 0.00000000000000000000,	 -1.25532292594558625431,	 0.00000000000000000000,	 0.00000000000000000000,	 -0.06276614629727932104,	 0.05000000000000000971,	 0.00080989105596874784,	 0.00000000000000000000,	 0.00000000000000000000
6.14789999999999992042,	 2.00000000000000000000,	 1.50000000000000000000,	 7.06858347057703451100, 320961.18530716805253177881,	 1.89403848786630057965,	 0.39403848786630057965,	 11.27009228814063490631,	 6.71596252917851899156,	 0.59591016270963770296,	 223107.39468747912906110287,	 223107.57224194012815132737,	 0.00000000000000000000,	 0.00000000000000000000,	 -1.25849641710491533253,	 0.00000000000000000000,	 0.00000000000000000000,	 -0.06292482085524576940,	 0.05000000000000000278,	 0.00081187218786671215,	 0.00000000000000000000,	 0.00000000000000000000
6.14900000000000002132,	 2.00000000000000000000,	 1.50000000000000000000,	 7.06858347057703451100, 320961.18530716805253177881,	 1.89372854711721205767,	 0.39372854711721205767,	 11.26640411066594005263,	 6.73087400499149701716,	 0.59742877486698331424,	 222928.74001070740632712841,	 222928.91847127792425453663,	 0.00000000000000000000,	 0.00000000000000000000,	 -1.26191005733411598655,	 0.00000000000000000000,	 0.00000000000000000000,	 -0.06309550286670580210,	 0.05000000000000000278,	 0.00081400776063015158,	 0.00000000000000000000,	 0.00000000000000000000
6.15010000000000012221,	 2.00000000000000000000,	 1.50000000000000000000,	 7.06858347057703451100, 320961.18530716805253177881,	 1.89341794098660720636,	 0.39341794098660720636,	 11.26270862093168645401,	 6.74697852900565475665,	 0.59905469954771173313,	 222749.50247839652001857758,	 222749.68191166303586214781,	 0.00000000000000000000,	 0.00000000000000000000,	 -1.26555196627229848971,	 0.00000000000000000000,	 0.00000000000000000000,	 -0.06327759831361493004,	 0.05000000000000000278,	 0.00081629005909163014,	 0.00000000000000000000,	 0.00000000000000000000
6.15120000000000022311,	 2.00000000000000000000,	 1.50000000000000000000,	 7.06858347057703451100, 320961.18530716805253177881,	 1.89310661147552683481,	 0.39310661147552683481,	 11.25900513295101035283,	 6.76420759673141169799,	 0.60078199777483343169,	 222569.65850400587078183889,	 222569.83897351028281264007,	 0.00000000000000000000,	 0.00000000000000000000,	 -1.26940975037126158043,	 0.00000000000000000000,	 0.00000000000000000000,	 -0.06347048751856308735,	 0.05000000000000000971,	 0.00081871103988924714,	 0.00000000000000000000,	 0.00000000000000000000
6.15230000000000032401,	 2.00000000000000000000,	 1.50000000000000000000,	 7.06858347057703451100, 320961.18530716805253177881,	 1.89279450343018207370,	 0.39279450343018207370,	 11.25529299503720714881,	 6.78249186921003577311,	 0.60260464762673326966,	 222389.18639784230617806315,	 222389.36796402296749874949,	 0.00000000000000000000,	 0.00000000000000000000,	 -1.27347083169287311755,	 0.00000000000000000000,	 0.00000000000000000000,	 -0.06367354158464366698,	 0.05000000000000000971,	 0.00082126254367304410,	 0.00000000000000000000,	 0.00000000000000000000
6.15340000000000042490,	 2.00000000000000000000,	 1.50000000000000000000,	 7.06858347057703451100, 320961.18530716805253177881,	 1.89248156468716977052,	 0.39248156468716977052,	 11.25157159150521835045,	 6.80175915386724661005,	 0.60451636454079726857,	 222208.06707989951246418059,	 222208.24979991701547987759,	 0.00000000000000000000,	 0.00000000000000000000,	 -1.27772206783049924184,	 0.00000000000000000000,	 0.00000000000000000000,	 -0.06388610339152496487,	 0.05000000000000000278,	 0.00082393605009911327,	 0.00000000000000000000,	 0.00000000000000000000
6.15450000000000052580,	 2.00000000000000000000,	 1.50000000000000000000,	 7.06858347057703451100, 320961.18530716805253177881,	 1.89216774639118057166,	 0.39216774639118057166,	 11.24784034642213903510,	 6.82193031797549931383,	 0.60651023733151654405,	 222026.28428642606013454497,	 222026.46821376006118953228,	 0.00000000000000000000,	 0.00000000000000000000,	 -1.28214898174493785454,	 0.00000000000000000000,	 0.00000000000000000000,	 -0.06410744908724690105,	 0.05000000000000000971,	 0.00082672218146332126,	 0.00000000000000000000,	 0.00000000000000000000
6.15560000000000062670,	 2.00000000000000000000,	 1.50000000000000000000,	 7.06858347057703451100, 320961.18530716805253177881,	 1.89185300314086557449,	 0.39185300314086557449,	 11.24409872531119347627,	 6.84292258144749343529,	 0.60857901985898010810,	 221843.82394689330249093473,	 221844.00913110500550828874,	 0.00000000000000000000,	 0.00000000000000000000,	 -1.28673637718916533679,	 0.00000000000000000000,	 0.00000000000000000000,	 -0.06433681885945827239,	 0.05000000000000000278,	 0.00082961109989697877,	 0.00000000000000000000,	 0.00000000000000000000
6.15670000000000072760,	 2.00000000000000000000,	 1.50000000000000000000,	 7.06858347057703451100, 320961.18530716805253177881,	 1.89153729301500539428,	 0.39153729301500539428,	 11.24034623543129107759,	 6.86465318587749617762,	 0.61071545681031236263,	 221660.67402164710802026093,	 221660.86050833170884288847,	 0.00000000000000000000,	 0.00000000000000000000,	 -1.29146902694551868329,	 0.00000000000000000000,	 0.00000000000000000000,	 -0.06457345134727593416,	 0.05000000000000000278,	 0.00083259295128645916,	 0.00000000000000000000,	 0.00000000000000000000
6.15779999999999994031,	 2.00000000000000000000,	 1.50000000000000000000,	 7.06858347057703451100, 320961.18530716805253177881,	 1.89122057759422990131,	 0.39122057759422990131,	 11.23658242600317613835,	 6.88704088644153689103,	 0.61291241636815363414,	 221476.82459154137177392840,	 221477.01242235643439926207,	 0.00000000000000000000,	 0.00000000000000000000,	 -1.29633195329932937589,	 0.00000000000000000000,	 0.00000000000000000000,	 -0.06481659766496647435,	 0.05000000000000000278,	 0.00083565804611682615,	 0.00000000000000000000,	 0.00000000000000000000
6.15890000000000004121,	 2.00000000000000000000,	 1.50000000000000000000,	 7.06858347057703451100, 320961.18530716805253177881,	 1.89090282201403292461,	 0.39090282201403292461,	 11.23280688880693034548,	 6.91000555012880113281,	 0.61516285453232188996,	 221292.26799603403196670115,	 221292.45720870283548720181,	 0.00000000000000000000,	 0.00000000000000000000,	 -1.30131035264329741885,	 0.00000000000000000000,	 0.00000000000000000000,	 -0.06506551763216487927,	 0.05000000000000000971,	 0.00083879681084913843,	 0.00000000000000000000,	 0.00000000000000000000
6.16000000000000014211,	 2.00000000000000000000,	 1.50000000000000000000,	 7.06858347057703451100, 320961.18530716805253177881,	 1.89058399503969409849,	 0.39058399503969409849,	 11.22901925903885356206,	 6.93346694523625117768,	 0.61745970732529675828,	 221106.99891633226070553064,	 221107.18954457735526375473,	 0.00000000000000000000,	 0.00000000000000000000,	 -1.30638936740249445023,	 0.00000000000000000000,	 0.00000000000000000000,	 -0.06531946837012472806,	 0.05000000000000000278,	 0.00084199964092432995,	 0.00000000000000000000,	 0.00000000000000000000
6.16110000000000024301,	 2.00000000000000000000,	 1.50000000000000000000,	 7.06858347057703451100, 320961.18530716805253177881,	 1.89026406913987066183,	 0.39026406913987066183,	 11.22521921615130402472,	 6.95734374000234545576,	 0.61979580140331114180,	 220921.01438490705913864076,	 220921.20645832477021031082,	 0.00000000000000000000,	 0.00000000000000000000,	 -1.31155389666870747511,	 0.00000000000000000000,	 0.00000000000000000000,	 -0.06557769483343538208,	 0.05000000000000000971,	 0.00084525677879107304,	 0.00000000000000000000,	 0.00000000000000000000
6.16220000000000034390,	 2.00000000000000000000,	 1.50000000000000000000,	 7.06858347057703451100, 320961.18530716805253177881,	 1.88994302055214191682,	 0.38994302055214191682,	 11.22140648459584610919,	 6.98155286448863332538,	 0.62216379685314315839,	 220734.31380546590662561357,	 220734.50734936096705496311,	 0.00000000000000000000,	 0.00000000000000000000,	 -1.31678847475810067991,	 0.00000000000000000000,	 0.00000000000000000000,	 -0.06583942373790503677,	 0.05000000000000000278,	 0.00084855823576783301,	 0.00000000000000000000,	 0.00000000000000000000
6.16330000000000044480,	 2.00000000000000000000,	 1.50000000000000000000,	 7.06858347057703451100, 320961.18530716805253177881,	 1.88962082933940611618,	 0.38962082933940611618,	 11.21758083445657838695,	 7.00600946064541041380,	 0.62455618230317011541,	 220546.89893624657997861505,	 220547.09397145902039483190,	 0.00000000000000000000,	 0.00000000000000000000,	 -1.32207726038140505054,	 0.00000000000000000000,	 0.00000000000000000000,	 -0.06610386301907025808,	 0.05000000000000000278,	 0.00085189378522040437,	 0.00000000000000000000,	 0.00000000000000000000
6.16440000000000054570,	 2.00000000000000000000,	 1.50000000000000000000,	 7.06858347057703451100, 320961.18530716805253177881,	 1.88929747943061698834,	 0.38929747943061698834,	 11.21374208189657650792,	 7.03062738703949552388,	 0.62696531948864009376,	 220358.77386391517939046025,	 220358.97040667111286893487,	 0.00000000000000000000,	 0.00000000000000000000,	 -1.32740413050800332151,	 0.00000000000000000000,	 0.00000000000000000000,	 -0.06637020652540016885,	 0.05000000000000000278,	 0.00085525302319753140,	 0.00000000000000000000,	 0.00000000000000000000
6.16550000000000064659,	 2.00000000000000000000,	 1.50000000000000000000,	 7.06858347057703451100, 320961.18530716805253177881,	 1.88897295866712244816,	 0.38897295866712244816,	 11.20989008966988009774,	 7.05531992135835839264,	 0.62938350554034117046,	 220169.94559194316389039159,	 220170.14365374168846756220,	 0.00000000000000000000,	 0.00000000000000000000,	 -1.33275281184425264946,	 0.00000000000000000000,	 0.00000000000000000000,	 -0.06663764059221263802,	 0.05000000000000000278,	 0.00085862545327248315,	 0.00000000000000000000,	 0.00000000000000000000
6.16659999999999985931,	 2.00000000000000000000,	 1.50000000000000000000,	 7.06858347057703451100, 320961.18530716805253177881,	 1.88864725942943234571,	 0.38864725942943234571,	 11.20602477452033340910,	 7.08000042137638185835,	 0.63180303130102943854,	 219980.42485687407315708697,	 219980.62444440924446098506,	 0.00000000000000000000,	 0.00000000000000000000,	 -1.33810700361675705139,	 0.00000000000000000000,	 0.00000000000000000000,	 -0.06690535018083786090,	 0.05000000000000000278,	 0.00086200056587427054,	 0.00000000000000000000,	 0.00000000000000000000
6.16769999999999996021,	 2.00000000000000000000,	 1.50000000000000000000,	 7.06858347057703451100, 320961.18530716805253177881,	 1.88832037730832991151,	 0.38832037730832991151,	 11.20214609136903582964,	 7.10458292945602831736,	 0.63421623602373178308,	 219790.21882415944128297269,	 219790.41993927647126838565,	 0.00000000000000000000,	 0.00000000000000000000,	 -1.34345049419582718286,	 0.00000000000000000000,	 0.00000000000000000000,	 -0.06717252470979136192,	 0.05000000000000000278,	 0.00086536791316668704,	 0.00000000000000000000,	 0.00000000000000000000
6.16880000000000006111,	 2.00000000000000000000,	 1.50000000000000000000,	 7.06858347057703451100, 320961.18530716805253177881,	 1.88799231156298952250,	 0.38799231156298952250,	 11.19825403871630165042,	 7.12898288886718223267,	 0.63661557098274268451,	 219599.34105259110219776630,	 219599.54369228371069766581,	 0.00000000000000000000,	 0.00000000000000000000,	 -1.34876729546788332037,	 0.00000000000000000000,	 0.00000000000000000000,	 -0.06743836477339416879,	 0.05000000000000000278,	 0.00086871719572418791,	 0.00000000000000000000,	 0.00000000000000000000
6.16990000000000016200,	 2.00000000000000000000,	 1.50000000000000000000,	 7.06858347057703451100, 320961.18530716805253177881,	 1.88766306546903184227,	 0.38766306546903184227,	 11.19434866273215867238,	 7.15311754101989016874,	 0.63899363478232584779,	 219407.80696220375830307603,	 219408.01111863640835508704,	 0.00000000000000000000,	 0.00000000000000000000,	 -1.35404171744718349046,	 0.00000000000000000000,	 0.00000000000000000000,	 -0.06770208587235918007,	 0.05000000000000000278,	 0.00087203831065197864,	 0.00000000000000000000,	 0.00000000000000000000
6.17100000000000026290,	 2.00000000000000000000,	 1.50000000000000000000,	 7.06858347057703451100, 320961.18530716805253177881,	 1.88733264620331198103,	 0.38733264620331198103,	 11.19043005584846639522,	 7.17690626240380957768,	 0.64134320366471841979,	 219215.63384191799559630454,	 219215.83950247045140713453,	 0.00000000000000000000,	 0.00000000000000000000,	 -1.35925843269841895022,	 0.00000000000000000000,	 0.00000000000000000000,	 -0.06796292163492095861,	 0.05000000000000000971,	 0.00087532139301287233,	 0.00000000000000000000,	 0.00000000000000000000
6.17210000000000036380,	 2.00000000000000000000,	 1.50000000000000000000,	 7.06858347057703451100, 320961.18530716805253177881,	 1.88700106474027684555,	 0.38700106474027684555,	 11.18649835548923299200,	 7.20027097483368638819,	 0.64365726843382597977,	 219022.84079555617063306272,	 219023.04794289576238952577,	 0.00000000000000000000,	 0.00000000000000000000,	 -1.36440255484946981746,	 0.00000000000000000000,	 0.00000000000000000000,	 -0.06822012774247350475,	 0.05000000000000000971,	 0.00087855686630559330,	 0.00000000000000000000,	 0.00000000000000000000
6.17320000000000046469,	 2.00000000000000000000,	 1.50000000000000000000,	 7.06858347057703451100, 320961.18530716805253177881,	 1.88666833574799386319,	 0.38666833574799386319,	 11.18255374279784852831,	 7.22313642444070058701,	 0.64592905972777281409,	 218829.44868776988005265594,	 218829.65729994498542509973,	 0.00000000000000000000,	 0.00000000000000000000,	 -1.36945969249372234700,	 0.00000000000000000000,	 0.00000000000000000000,	 -0.06847298462468612290,	 0.05000000000000000278,	 0.00088173547706798790,	 0.00000000000000000000,	 0.00000000000000000000
6.17430000000000056559,	 2.00000000000000000000,	 1.50000000000000000000,	 7.06858347057703451100, 320961.18530716805253177881,	 1.88633447748255611565,	 0.38633447748255611565,	 11.17859644134605012766,	 7.24543026718827043453,	 0.64815205604790804284,	 218635.48005548797664232552,	 218635.69010603186325170100,	 0.00000000000000000000,	 0.00000000000000000000,	 -1.37441596659551468207,	 0.00000000000000000000,	 0.00000000000000000000,	 -0.06872079832977573410,	 0.05000000000000000278,	 0.00088484830596156233,	 0.00000000000000000000,	 0.00000000000000000000
6.17540000000000066649,	 2.00000000000000000000,	 1.50000000000000000000,	 7.06858347057703451100, 320961.18530716805253177881,	 1.88599951166947721326,	 0.38599951166947721326,	 11.17462671568960885793,	 7.26708327180561841629,	 0.65032000233192144290,	 218440.95899629278574138880,	 218441.17045434549800120294,	 0.00000000000000000000,	 0.00000000000000000000,	 -1.37925805029771519905,	 0.00000000000000000000,	 0.00000000000000000000,	 -0.06896290251488576550,	 0.05000000000000000278,	 0.00088788679326457518,	 0.00000000000000000000,	 0.00000000000000000000
6.17649999999999987921,	 2.00000000000000000000,	 1.50000000000000000000,	 7.06858347057703451100, 320961.18530716805253177881,	 1.88566346337683143908,	 0.38566346337683143908,	 11.17064486982740589838,	 7.28802944644078465330,	 0.65242692175509020558,	 218245.91108017932856455445,	 218246.12391062345704995096,	 0.00000000000000000000,	 0.00000000000000000000,	 -1.38397319442511590459,	 0.00000000000000000000,	 0.00000000000000000000,	 -0.06919865972125580078,	 0.05000000000000000278,	 0.00089084275513815132,	 0.00000000000000000000,	 0.00000000000000000000
6.17759999999999998010,	 2.00000000000000000000,	 1.50000000000000000000,	 7.06858347057703451100, 320961.18530716805253177881,	 1.88532636088749194769,	 0.38532636088749194769,	 11.16665124565106026466,	 7.30820595218111090929,	 0.65446710848315858833,	 218050.36328227736521512270,	 218050.57744587541674263775,	 0.00000000000000000000,	 0.00000000000000000000,	 -1.38854921261500252605,	 0.00000000000000000000,	 0.00000000000000000000,	 -0.06942746063075012908,	 0.05000000000000000278,	 0.00089370837389407662,	 0.00000000000000000000,	 0.00000000000000000000
6.17870000000000008100,	 2.00000000000000000000,	 1.50000000000000000000,	 7.06858347057703451100, 320961.18530716805253177881,	 1.88498823557377370719,	 0.38498823557377370719,	 11.16264622142442242136,	 7.32755285907837627946,	 0.65643510631149748491,	 217854.34391823975602164865,	 217854.55937176416045986116,	 0.00000000000000000000,	 0.00000000000000000000,	 -1.39297443649389030007,	 0.00000000000000000000,	 0.00000000000000000000,	 -0.06964872182469451778,	 0.05000000000000000278,	 0.00089647616898649439,	 0.00000000000000000000,	 0.00000000000000000000
6.17980000000000018190,	 2.00000000000000000000,	 1.50000000000000000000,	 7.06858347057703451100, 320961.18530716805253177881,	 1.88464912175562560037,	 0.38464912175562560037,	 11.15863021006956401493,	 7.34601345999445776158,	 0.65832573727243015593,	 217657.88239676842931658030,	 217658.09909315660479478538,	 0.00000000000000000000,	 0.00000000000000000000,	 -1.39723777688479988690,	 0.00000000000000000000,	 0.00000000000000000000,	 -0.06986188884423999435,	 0.05000000000000000278,	 0.00089913903624268753,	 0.00000000000000000000,	 0.00000000000000000000
6.18090000000000028280,	 2.00000000000000000000,	 1.50000000000000000000,	 7.06858347057703451100, 320961.18530716805253177881,	 1.88430905652508329240,	 0.38430905652508329240,	 11.15460365705493117616,	 7.36353503755578220336,	 0.66013417096165327713,	 217461.00929763005115091801,	 217461.22718619188526645303,	 0.00000000000000000000,	 0.00000000000000000000,	 -1.40132887155789265243,	 0.00000000000000000000,	 0.00000000000000000000,	 -0.07006644357789464095,	 0.05000000000000000278,	 0.00090169034274665866,	 0.00000000000000000000,	 0.00000000000000000000
6.18200000000000038369,	 2.00000000000000000000,	 1.50000000000000000000,	 7.06858347057703451100, 320961.18530716805253177881,	 1.88396807971482171951,	 0.38396807971482171951,	 11.15056703999128373539,	 7.38006546183987488519,	 0.66185562002106435031,	 217263.75670252740383148193,	 217263.97572895829216577113,	 0.00000000000000000000,	 0.00000000000000000000,	 -1.40523743931213540570,	 0.00000000000000000000,	 0.00000000000000000000,	 -0.07026187196560677861,	 0.05000000000000000278,	 0.00090412351105782600,	 0.00000000000000000000,	 0.00000000000000000000
6.18310000000000048459,	 2.00000000000000000000,	 1.50000000000000000000,	 7.06858347057703451100, 320961.18530716805253177881,	 1.88362623378283600140,	 0.38362623378283600140,	 11.14652086723528334744,	 7.39555401683904101162,	 0.66348541441105202132,	 217066.15754503599600866437,	 217066.37765148357721045613,	 0.00000000000000000000,	 0.00000000000000000000,	 -1.40895343781359883018,	 0.00000000000000000000,	 0.00000000000000000000,	 -0.07044767189067994984,	 0.05000000000000000278,	 0.00090643212071782428,	 0.00000000000000000000,	 0.00000000000000000000
6.18420000000000058549,	 2.00000000000000000000,	 1.50000000000000000000,	 7.06858347057703451100, 320961.18530716805253177881,	 1.88328356358359427780,	 0.38328356358359427780,	 11.14246567515104224810,	 7.40995483238338437104,	 0.66501930976627743330,	 216868.24528303003171458840,	 216868.46640837122686207294,	 0.00000000000000000000,	 0.00000000000000000000,	 -1.41246771888318201071,	 0.00000000000000000000,	 0.00000000000000000000,	 -0.07062338594415910886,	 0.05000000000000000278,	 0.00090861032966975234,	 0.00000000000000000000,	 0.00000000000000000000
6.18530000000000068638,	 2.00000000000000000000,	 1.50000000000000000000,	 7.06858347057703451100, 320961.18530716805253177881,	 1.88294011611949207996,	 0.38294011611949207996,	 11.13840202514147392776,	 7.42322927207539873251,	 0.66645370272322457250,	 216670.05376200881437398493,	 216670.27584227774059399962,	 0.00000000000000000000,	 0.00000000000000000000,	 -1.41577248690564561073,	 0.00000000000000000000,	 0.00000000000000000000,	 -0.07078862434528228331,	 0.05000000000000000278,	 0.00091065316880159205,	 0.00000000000000000000,	 0.00000000000000000000
6.18639999999999989910,	 2.00000000000000000000,	 1.50000000000000000000,	 7.06858347057703451100, 320961.18530716805253177881,	 1.88259594030324683978,	 0.38259594030324683978,	 11.13433050081228081751,	 7.43534653521021304812,	 0.66778568632103951774,	 216471.61712752556195482612,	 216471.84009638699353672564,	 0.00000000000000000000,	 0.00000000000000000000,	 -1.41886141794924558468,	 0.00000000000000000000,	 0.00000000000000000000,	 -0.07094307089746228201,	 0.05000000000000000278,	 0.00091255661810743136,	 0.00000000000000000000,	 0.00000000000000000000
6.18750000000000000000,	 2.00000000000000000000,	 1.50000000000000000000,	 7.06858347057703451100, 320961.18530716805253177881,	 1.88225108673578689356,	 0.38225108673578689356,	 11.13025170532219831898,	 7.44628281030257799245,	 0.66901297539766857447,	 216272.96975487255258485675,	 216273.19354405318154022098,	 0.00000000000000000000,	 0.00000000000000000000,	 -1.42172950274742682097,	 0.00000000000000000000,	 0.00000000000000000000,	 -0.07108647513737134660,	 0.05000000000000000278,	 0.00091431750521955542,	 0.00000000000000000000,	 0.00000000000000000000
6.18860000000000010090,	 2.00000000000000000000,	 1.50000000000000000000,	 7.06858347057703451100, 320961.18530716805253177881,	 1.88190560749520763295,	 0.38190560749520763295,	 11.12616625886706245296,	 7.45601976658257648012,	 0.67013377232615578549,	 216074.14614201476797461510,	 216074.37068165116943418980,	 0.00000000000000000000,	 0.00000000000000000000,	 -1.42437276270853008242,	 0.00000000000000000000,	 0.00000000000000000000,	 -0.07121863813542650412,	 0.05000000000000000278,	 0.00091593332234485574,	 0.00000000000000000000,	 0.00000000000000000000
6.18970000000000020179,	 2.00000000000000000000,	 1.50000000000000000000,	 7.06858347057703451100, 320961.18530716805253177881,	 1.88155955592520429676,	 0.38155955592520429676,	 11.12207479616048821924,	 7.46454326394909184472,	 0.67114665210900825709,	 215875.18078138396958820522,	 215875.40600029830238781869,	 0.00000000000000000000,	 0.00000000000000000000,	 -1.42678800677981354461,	 0.00000000000000000000,	 0.00000000000000000000,	 -0.07133940033899068001,	 0.05000000000000000278,	 0.00091740206956587530,	 0.00000000000000000000,	 0.00000000000000000000
6.19080000000000030269,	 2.00000000000000000000,	 1.50000000000000000000,	 7.06858347057703451100, 320961.18530716805253177881,	 1.88121298642278511615,	 0.38121298642278511615,	 11.11797796390889736529,	 7.47184258135073875451,	 0.67205049385830606390,	 215676.10805212470586411655,	 215676.33387805786333046854,	 0.00000000000000000000,	 0.00000000000000000000,	 -1.42897268668390742263,	 0.00000000000000000000,	 0.00000000000000000000,	 -0.07144863433419537668,	 0.05000000000000000278,	 0.00091872216147043573,	 0.00000000000000000000,	 0.00000000000000000000
6.19190000000000040359,	 2.00000000000000000000,	 1.50000000000000000000,	 7.06858347057703451100, 320961.18530716805253177881,	 1.88086595424207447813,	 0.38086595424207447813,	 11.11387641847957929997,	 7.47790980774276459186,	 0.67284442674824807007,	 215476.96218375608441419899,	 215477.18854356737574562430,	 0.00000000000000000000,	 0.00000000000000000000,	 -1.43092478276982060237,	 0.00000000000000000000,	 0.00000000000000000000,	 -0.07154623913849103567,	 0.05000000000000000278,	 0.00091989235351482197,	 0.00000000000000000000,	 0.00000000000000000000
6.19300000000000050449,	 2.00000000000000000000,	 1.50000000000000000000,	 7.06858347057703451100, 320961.18530716805253177881,	 1.88051851531391456263,	 0.38051851531391456263,	 11.10977082375813118631,	 7.48273956186926625378,	 0.67352780544018997499,	 215277.77718785256729461253,	 215278.00400770490523427725,	 0.00000000000000000000,	 0.00000000000000000000,	 -1.43264275242247896003,	 0.00000000000000000000,	 0.00000000000000000000,	 -0.07163213762112395633,	 0.05000000000000000278,	 0.00092091170864218698,	 0.00000000000000000000,	 0.00000000000000000000
6.19410000000000060538,	 2.00000000000000000000,	 1.50000000000000000000,	 7.06858347057703451100, 320961.18530716805253177881,	 1.88017072607496826819,	 0.38017072607496826819,	 11.10566184912068976587,	 7.48632906989520297003,	 0.67410021767301930851,	 215078.58679488324560225010,	 215078.81400043496978469193,	 0.00000000000000000000,	 0.00000000000000000000,	 -1.43412554684385784576,	 0.00000000000000000000,	 0.00000000000000000000,	 -0.07170627734219289784,	 0.05000000000000000278,	 0.00092177960786548880,	 0.00000000000000000000,	 0.00000000000000000000
6.19520000000000070628,	 2.00000000000000000000,	 1.50000000000000000000,	 7.06858347057703451100, 320961.18530716805253177881,	 1.87982264330893156234,	 0.37982264330893156234,	 11.10155016755155976682,	 7.48867830495446895611,	 0.67456149744230653464,	 214879.42441037081880494952,	 214879.65192697773454710841,	 0.00000000000000000000,	 0.00000000000000000000,	 -1.43537263973992557098,	 0.00000000000000000000,	 0.00000000000000000000,	 -0.07176863198699627577,	 0.04999999999999999584,	 0.00092249576849766964,	 0.00000000000000000000,	 0.00000000000000000000
6.19629999999999991900,	 2.00000000000000000000,	 1.50000000000000000000,	 7.06858347057703451100, 320961.18530716805253177881,	 1.87947432399627456512,	 0.37947432399627456512,	 11.09743645386385502150,	 7.48979016866568869659,	 0.67491174198685566221,	 214680.32302990899188444018,	 214680.55078283871989697218,	 0.00000000000000000000,	 0.00000000000000000000,	 -1.43638406413940122874,	 0.00000000000000000000,	 0.00000000000000000000,	 -0.07181920320697006421,	 0.05000000000000000278,	 0.00092306026759826924,	 0.00000000000000000000,	 0.00000000000000000000
6.19740000000000001990,	 2.00000000000000000000,	 1.50000000000000000000,	 7.06858347057703451100, 320961.18530716805253177881,	 1.87912582515486659140,	 0.37912582515486659140,	 11.09332138281470037100,	 7.48967101843001437089,	 0.67515135999148934154,	 214481.31509912852197885513,	 214481.54301380796823650599,	 0.00000000000000000000,	 0.00000000000000000000,	 -1.43716051571128233810,	 0.00000000000000000000,	 0.00000000000000000000,	 -0.07185802578556411968,	 0.05000000000000000278,	 0.00092347360813377745,	 0.00000000000000000000,	 0.00000000000000000000
6.19850000000000012079,	 2.00000000000000000000,	 1.50000000000000000000,	 7.06858347057703451100, 320961.18530716805253177881,	 1.87877720366536626884,	 0.37877720366536626884,	 11.08920562704282808397,	 7.48833139019510429790,	 0.67528113753555008003,	 214282.43236465472728013992,	 214282.66036696208175271749,	 0.00000000000000000000,	 0.00000000000000000000,	 -1.43770349399199126594,	 0.00000000000000000000,	 0.00000000000000000000,	 -0.07188517469959956885,	 0.05000000000000000278,	 0.00092373680945397377,	 0.00000000000000000000,	 0.00000000000000000000
6.19960000000000022169,	 2.00000000000000000000,	 1.50000000000000000000,	 7.06858347057703451100, 320961.18530716805253177881,	 1.87842851608815042397,	 0.37842851608815042397,	 11.08508985490885478953,	 7.48578649456587630340,	 0.67530228374747147679,	 214083.70575859356904402375,	 214083.93377518077613785863,	 0.00000000000000000000,	 0.00000000000000000000,	 -1.43801540056216015095,	 0.00000000000000000000,	 0.00000000000000000000,	 -0.07190077002810800477,	 0.04999999999999999584,	 0.00092385147005772945,	 0.00000000000000000000,	 0.00000000000000000000
6.20070000000000032259,	 2.00000000000000000000,	 1.50000000000000000000,	 7.06858347057703451100, 320961.18530716805253177881,	 1.87807981848090710386,	 0.37807981848090710386,	 11.08097472834600338842,	 7.48205624620899101274,	 0.67521643444139478607,	 213885.16530249451170675457,	 213885.39326111119589768350,	 0.00000000000000000000,	 0.00000000000000000000,	 -1.43809954784040328057,	 0.00000000000000000000,	 0.00000000000000000000,	 -0.07190497739202017513,	 0.05000000000000000971,	 0.00092381977290522700,	 0.00000000000000000000,	 0.00000000000000000000
6.20180000000000042348,	 2.00000000000000000000,	 1.50000000000000000000,	 7.06858347057703451100, 320961.18530716805253177881,	 1.87773116622006552845,	 0.37773116622006552845,	 11.07686090075865159577,	 7.47716491084246825949,	 0.67502562123266884875,	 213686.84002210863400250673,	 213687.06785190329537726939,	 0.00000000000000000000,	 0.00000000000000000000,	 -1.43796009434410687611,	 0.00000000000000000000,	 0.00000000000000000000,	 -0.07189800471720535213,	 0.05000000000000000278,	 0.00092364444349606121,	 0.00000000000000000000,	 0.00000000000000000000
6.20290000000000052438,	 2.00000000000000000000,	 1.50000000000000000000,	 7.06858347057703451100, 320961.18530716805253177881,	 1.87738261382923887766,	 0.37738261382923887766,	 11.07274901500620600814,	 7.47114050151565578517,	 0.67473221793345850017,	 213488.75788534595631062984,	 213488.98551712892367504537,	 0.00000000000000000000,	 0.00000000000000000000,	 -1.43760193146186243673,	 0.00000000000000000000,	 0.00000000000000000000,	 -0.07188009657309311906,	 0.04999999999999999584,	 0.00092332867683053916,	 0.00000000000000000000,	 0.00000000000000000000
6.20400000000000062528,	 2.00000000000000000000,	 1.50000000000000000000,	 7.06858347057703451100, 320961.18530716805253177881,	 1.87703421482469789972,	 0.37703421482469789972,	 11.06863970159022159123,	 7.46401390028432487611,	 0.67433886200234494090,	 213290.94577990594552829862,	 213291.17314635636284947395,	 0.00000000000000000000,	 0.00000000000000000000,	 -1.43703051692176764220,	 0.00000000000000000000,	 0.00000000000000000000,	 -0.07185152584608837933,	 0.04999999999999999584,	 0.00092287603018453119,	 0.00000000000000000000,	 0.00000000000000000000
6.20510000000000072617,	 2.00000000000000000000,	 1.50000000000000000000,	 7.06858347057703451100, 320961.18530716805253177881,	 1.87668602157392871987,	 0.37668602157392871987,	 11.06453357699805373215,	 7.45581813259049663856,	 0.67384838960499171545,	 213093.42946086177835240960,	 213093.65649668785044923425,	 0.00000000000000000000,	 0.00000000000000000000,	 -1.43625173706969322396,	 0.00000000000000000000,	 0.00000000000000000000,	 -0.07181258685348466952,	 0.05000000000000000278,	 0.00092229033444906608,	 0.00000000000000000000,	 0.00000000000000000000
6.20619999999999993889,	 2.00000000000000000000,	 1.50000000000000000000,	 7.06858347057703451100, 320961.18530716805253177881,	 1.87633808516129096944,	 0.37633808516129096944,	 11.06043124213219108753,	 7.44658802282974097153,	 0.67326380498290716581,	 212896.23349582657101564109,	 212896.46013790211873129010,	 0.00000000000000000000,	 0.00000000000000000000,	 -1.43527184212120917373,	 0.00000000000000000000,	 0.00000000000000000000,	 -0.07176359210606046701,	 0.05000000000000000278,	 0.00092157565237849682,	 0.00000000000000000000,	 0.00000000000000000000
6.20730000000000003979,	 2.00000000000000000000,	 1.50000000000000000000,	 7.06858347057703451100, 320961.18530716805253177881,	 1.87599045525842234028,	 0.37599045525842234028,	 11.05633328079747990103,	 7.43636022015358655324,	 0.67258828323029806739,	 212699.38120202970458194613,	 212699.60738952906103804708,	 0.00000000000000000000,	 0.00000000000000000000,	 -1.43409745256437859418,	 0.00000000000000000000,	 0.00000000000000000000,	 -0.07170487262821892416,	 0.04999999999999999584,	 0.00092073628254607986,	 0.00000000000000000000,	 0.00000000000000000000
6.20840000000000014069,	 2.00000000000000000000,	 1.50000000000000000000,	 7.06858347057703451100, 320961.18530716805253177881,	 1.87564317999711804852,	 0.37564317999711804852,	 11.05224025821932265501,	 7.42517348141574373699,	 0.67182519633463411157,	 212502.89458199584623798728,	 212503.12025654307217337191,	 0.00000000000000000000,	 0.00000000000000000000,	 -1.43273561517317227221,	 0.00000000000000000000,	 0.00000000000000000000,	 -0.07163678075865861916,	 0.05000000000000000278,	 0.00091977679514866563,	 0.00000000000000000000,	 0.00000000000000000000
6.20950000000000024158,	 2.00000000000000000000,	 1.50000000000000000000,	 7.06858347057703451100, 320961.18530716805253177881,	 1.87529630584635387258,	 0.37529630584635387258,	 11.04815271961246736510,	 7.41306896188956887528,	 0.67097813996814437143,	 212306.79427381505956873298,	 212307.01937964721582829952,	 0.00000000000000000000,	 0.00000000000000000000,	 -1.43119386067434328780,	 0.00000000000000000000,	 0.00000000000000000000,	 -0.07155969303371717549,	 0.05000000000000000971,	 0.00091870206885610991,	 0.00000000000000000000,	 0.00000000000000000000
6.21060000000000034248,	 2.00000000000000000000,	 1.50000000000000000000,	 7.06858347057703451100, 320961.18530716805253177881,	 1.87494987749777464181,	 0.37494987749777464181,	 11.04407118885124106100,	 7.40009027796890350714,	 0.67005093967876083738,	 212111.09952082921518012881,	 212111.32400496010086499155,	 0.00000000000000000000,	 0.00000000000000000000,	 -1.42948021751489440234,	 0.00000000000000000000,	 0.00000000000000000000,	 -0.07147401087574471734,	 0.04999999999999999584,	 0.00091751729946770418,	 0.00000000000000000000,	 0.00000000000000000000
6.21170000000000044338,	 2.00000000000000000000,	 1.50000000000000000000,	 7.06858347057703451100, 320961.18530716805253177881,	 1.87460393776235578756,	 0.37460393776235578756,	 11.03999616727292654161,	 7.38628328170807701980,	 0.66904763097690633789,	 211915.82815151487011462450,	 211916.05196388112381100655,	 0.00000000000000000000,	 0.00000000000000000000,	 -1.42760316992723956808,	 0.00000000000000000000,	 0.00000000000000000000,	 -0.07138015849636199228,	 0.05000000000000000971,	 0.00091622797281964432,	 0.00000000000000000000,	 0.00000000000000000000
6.21280000000000054428,	 2.00000000000000000000,	 1.50000000000000000000,	 7.06858347057703451100, 320961.18530716805253177881,	 1.87425852747715482316,	 0.37425852747715482316,	 11.03592813260136118458,	 7.37169567532371239338,	 0.66797242486084174029,	 211720.99655569405877031386,	 211721.21964927425142377615,	 0.00000000000000000000,	 0.00000000000000000000,	 -1.42557158485487223132,	 0.00000000000000000000,	 0.00000000000000000000,	 -0.07127857924274361157,	 0.05000000000000000278,	 0.00091483981772927316,	 0.00000000000000000000,	 0.00000000000000000000
6.21390000000000064517,	 2.00000000000000000000,	 1.50000000000000000000,	 7.06858347057703451100, 320961.18530716805253177881,	 1.87391368541926217617,	 0.37391368541926217617,	 11.03186753795654162502,	 7.35637663813641928812,	 0.66682967437977935798,	 211526.61965778129524551332,	 211526.84198868862586095929,	 0.00000000000000000000,	 0.00000000000000000000,	 -1.42339464099828161281,	 0.00000000000000000000,	 0.00000000000000000000,	 -0.07116973204991408619,	 0.05000000000000000278,	 0.00091335876033024307,	 0.00000000000000000000,	 0.00000000000000000000
6.21499999999999985789,	 2.00000000000000000000,	 1.50000000000000000000,	 7.06858347057703451100, 320961.18530716805253177881,	 1.87356944822441717768,	 0.37356944822441717768,	 11.02781481092025472890,	 7.34037659358698846290,	 0.66562385381355937408,	 211332.71087697130860760808,	 211332.93240452869213186204,	 0.00000000000000000000,	 0.00000000000000000000,	 -1.42108178470645207803,	 0.00000000000000000000,	 0.00000000000000000000,	 -0.07105408923532260945,	 0.05000000000000000278,	 0.00091179089566119701,	 0.00000000000000000000,	 0.00000000000000000000
6.21609999999999995879,	 2.00000000000000000000,	 1.50000000000000000000,	 7.06858347057703451100, 320961.18530716805253177881,	 1.87322585030494459524,	 0.37322585030494459524,	 11.02377035259475412943,	 7.32374723884925149520,	 0.66435956161998621639,	 211139.28207633571582846344,	 211139.50276314927032217383,	 0.00000000000000000000,	 0.00000000000000000000,	 -1.41864273656448713901,	 0.00000000000000000000,	 0.00000000000000000000,	 -0.07093213682822435695,	 0.05000000000000000278,	 0.00091014249179699198,	 0.00000000000000000000,	 0.00000000000000000000
6.21720000000000005969,	 2.00000000000000000000,	 1.50000000000000000000,	 7.06858347057703451100, 320961.18530716805253177881,	 1.87288292376972242970,	 0.37288292376972242970,	 11.01973453668636615532,	 7.30654164525825766674,	 0.66304152980579278420,	 210946.34353506201296113431,	 210946.56334709713701158762,	 0.00000000000000000000,	 0.00000000000000000000,	 -1.41608751169822943972,	 0.00000000000000000000,	 0.00000000000000000000,	 -0.07080437558491148309,	 0.05000000000000000971,	 0.00090842000278005934,	 0.00000000000000000000,	 0.00000000000000000000
6.21830000000000016058,	 2.00000000000000000000,	 1.50000000000000000000,	 7.06858347057703451100, 320961.18530716805253177881,	 1.87254069835261782728,	 0.37254069835261782728,	 11.01570770868965531974,	 7.28881420506983346286,	 0.66167461935469740197,	 210753.90394385659601539373,	 210754.12285050755599513650,	 0.00000000000000000000,	 0.00000000000000000000,	 -1.41342641030298743487,	 0.00000000000000000000,	 0.00000000000000000000,	 -0.07067132051514937729,	 0.05000000000000000278,	 0.00090663006244967137,	 0.00000000000000000000,	 0.00000000000000000000
6.21940000000000026148,	 2.00000000000000000000,	 1.50000000000000000000,	 7.06858347057703451100, 320961.18530716805253177881,	 1.87219920135302420050,	 0.37219920135302420050,	 11.01169018521484410655,	 7.27062038257826692700,	 0.66026379786278133199,	 210561.97043401357950642705,	 210562.18840815496514551342,	 0.00000000000000000000,	 0.00000000000000000000,	 -1.41066997013055783761,	 0.00000000000000000000,	 0.00000000000000000000,	 -0.07053349850652790298,	 0.05000000000000000971,	 0.00090477945388060886,	 0.00000000000000000000,	 0.00000000000000000000
6.22050000000000036238,	 2.00000000000000000000,	 1.50000000000000000000,	 7.06858347057703451100, 320961.18530716805253177881,	 1.87185845801423167423,	 0.37185845801423167423,	 11.00768225846528736156,	 7.25201633172813941997,	 0.65881410468140000347,	 210370.55110751866595819592,	 210370.76812553094350732863,	 0.00000000000000000000,	 0.00000000000000000000,	 -1.40782889189240378869,	 0.00000000000000000000,	 0.00000000000000000000,	 -0.07039144459462019776,	 0.05000000000000000278,	 0.00090287506157685714,	 0.00000000000000000000,	 0.00000000000000000000
6.22160000000000046327,	 2.00000000000000000000,	 1.50000000000000000000,	 7.06858347057703451100, 320961.18530716805253177881,	 1.87151849066892794760,	 0.37151849066892794760,	 11.00368418621257760037,	 7.23305847844968319293,	 0.65733061364234512958,	 210179.64644477237015962601,	 210179.86248654019436798990,	 0.00000000000000000000,	 0.00000000000000000000,	 -1.40491396033687809819,	 0.00000000000000000000,	 0.00000000000000000000,	 -0.07024569801684391046,	 0.05000000000000000278,	 0.00090092382062143775,	 0.00000000000000000000,	 0.00000000000000000000
6.22270000000000056417,	 2.00000000000000000000,	 1.50000000000000000000,	 7.06858347057703451100, 320961.18530716805253177881,	 1.87117931884036292622,	 0.37117931884036292622,	 10.99969619301815626500,	 7.21380325698426627667,	 0.65581840901779520081,	 209989.25937928925850428641,	 209989.47442818206036463380,	 0.00000000000000000000,	 0.00000000000000000000,	 -1.40193599280314717959,	 0.00000000000000000000,	 0.00000000000000000000,	 -0.07009679964015735898,	 0.05000000000000000278,	 0.00089893268370575029,	 0.00000000000000000000,	 0.00000000000000000000
6.22380000000000066507,	 2.00000000000000000000,	 1.50000000000000000000,	 7.06858347057703451100, 320961.18530716805253177881,	 1.87084095958970997309,	 0.37084095958970997309,	 10.99571847434746985073,	 7.19430683865593145754,	 0.65428256056572697830,	 209799.39103609634912572801,	 209799.60507893087924458086,	 0.00000000000000000000,	 0.00000000000000000000,	 -1.39890578557616396260,	 0.00000000000000000000,	 0.00000000000000000000,	 -0.06994528927880820646,	 0.05000000000000000278,	 0.00089690858682716420,	 0.00000000000000000000,	 0.00000000000000000000
6.22489999999999987779,	 2.00000000000000000000,	 1.50000000000000000000,	 7.06858347057703451100, 320961.18530716805253177881,	 1.87050342745847553161,	 0.37050342745847553161,	 10.99175119592019989057,	 7.17462490446921741238,	 0.65272810279150217383,	 209610.04096604851656593382,	 209610.25399303660378791392,	 0.00000000000000000000,	 0.00000000000000000000,	 -1.39583406950157540294,	 0.00000000000000000000,	 0.00000000000000000000,	 -0.06979170347507877847,	 0.05000000000000000278,	 0.00089485842084498603,	 0.00000000000000000000,	 0.00000000000000000000
6.22599999999999997868,	 2.00000000000000000000,	 1.50000000000000000000,	 7.06858347057703451100, 320961.18530716805253177881,	 1.87016673444740311183,	 0.37016673444740311183,	 10.98779449348993786373,	 7.15481244533558324861,	 0.65116001665071865379,	 209421.20723556660232134163,	 209421.41924025025218725204,	 0.00000000000000000000,	 0.00000000000000000000,	 -1.39273147074370040599,	 0.00000000000000000000,	 0.00000000000000000000,	 -0.06963657353718502585,	 0.05000000000000000278,	 0.00089278900635845332,	 0.00000000000000000000,	 0.00000000000000000000
6.22710000000000007958,	 2.00000000000000000000,	 1.50000000000000000000,	 7.06858347057703451100, 320961.18530716805253177881,	 1.86983089001837154974,	 0.36983089001837154974,	 10.98384847289401022863,	 7.13492358456875219730,	 0.64958321322224610306,	 209232.88649270817404612899,	 209233.09747188363689929247,	 0.00000000000000000000,	 0.00000000000000000000,	 -1.38960847569667400592,	 0.00000000000000000000,	 0.00000000000000000000,	 -0.06948042378483371140,	 0.05000000000000000971,	 0.00089070707126654163,	 0.00000000000000000000,	 0.00000000000000000000
6.22820000000000018048,	 2.00000000000000000000,	 1.50000000000000000000,	 7.06858347057703451100, 320961.18530716805253177881,	 1.86949590111181973562,	 0.36949590111181973562,	 10.97991321028555411488,	 7.11501142681269804768,	 0.64800251974192590865,	 209045.07402301719412207603,	 209045.28397664998192340136,	 0.00000000000000000000,	 0.00000000000000000000,	 -1.38647540089614174086,	 0.00000000000000000000,	 0.00000000000000000000,	 -0.06932377004480709537,	 0.05000000000000000278,	 0.00088861923154888022,	 0.00000000000000000000,	 0.00000000000000000000
6.22930000000000028137,	 2.00000000000000000000,	 1.50000000000000000000,	 7.06858347057703451100, 320961.18530716805253177881,	 1.86916177217540524502,	 0.36916177217540524502,	 10.97598875249704875046,	 7.09512794026970272654,	 0.64642266863252328957,	 208857.76379971351707354188,	 208857.97273084678454324603,	 0.00000000000000000000,	 0.00000000000000000000,	 -1.38334236930212983729,	 0.00000000000000000000,	 0.00000000000000000000,	 -0.06916711846510649464,	 0.05000000000000000278,	 0.00088653197614281228,	 0.00000000000000000000,	 0.00000000000000000000
6.23040000000000038227,	 2.00000000000000000000,	 1.50000000000000000000,	 7.06858347057703451100, 320961.18530716805253177881,	 1.86882850520112553383,	 0.36882850520112553383,	 10.97207511750266029082,	 7.07532386939858426445,	 0.64484828928230941703,	 208670.94853121196501888335,	 208671.15644587005954235792,	 0.00000000000000000000,	 0.00000000000000000000,	 -1.38021929243402707854,	 0.00000000000000000000,	 0.00000000000000000000,	 -0.06901096462170135115,	 0.04999999999999999584,	 0.00088445165558048006,	 0.00000000000000000000,	 0.00000000000000000000
6.23150000000000048317,	 2.00000000000000000000,	 1.50000000000000000000,	 7.06858347057703451100, 320961.18530716805253177881,	 1.86849609976926056554,	 0.36849609976926056554,	 10.96817229496004664213,	 7.05564866597892237365,	 0.64328390147746339345,	 208484.61970769602339714766,	 208484.82661478497902862728,	 0.00000000000000000000,	 0.00000000000000000000,	 -1.37711585602325237154,	 0.00000000000000000000,	 0.00000000000000000000,	 -0.06885579280116262135,	 0.05000000000000000278,	 0.00088238447288717945,	 0.00000000000000000000,	 0.00000000000000000000
6.23260000000000058407,	 2.00000000000000000000,	 1.50000000000000000000,	 7.06858347057703451100, 320961.18530716805253177881,	 1.86816455309747975200,	 0.36816455309747975200,	 10.96428024681198287738,	 7.03615044745793305481,	 0.64173391130747425848,	 208298.76764420163817703724,	 208298.97355540809803642333,	 0.00000000000000000000,	 0.00000000000000000000,	 -1.37404151094389992416,	 0.00000000000000000000,	 0.00000000000000000000,	 -0.06870207554719499898,	 0.05000000000000000278,	 0.00088033647786676754,	 0.00000000000000000000,	 0.00000000000000000000
6.23370000000000068496,	 2.00000000000000000000,	 1.50000000000000000000,	 7.06858347057703451100, 320961.18530716805253177881,	 1.86783386009383733928,	 0.36783386009383733928,	 10.96039890793283611004,	 7.01687596812735758789,	 0.64020260823251018412,	 208113.38152448085020296276,	 208113.58645417063962668180,	 0.00000000000000000000,	 0.00000000000000000000,	 -1.37100546662184896718,	 0.00000000000000000000,	 0.00000000000000000000,	 -0.06855027333109244003,	 0.04999999999999999584,	 0.00087831356297807109,	 0.00000000000000000000,	 0.00000000000000000000
6.23479999999999989768,	 2.00000000000000000000,	 1.50000000000000000000,	 7.06858347057703451100, 320961.18530716805253177881,	 1.86750401341426797153,	 0.36750401341426797153,	 10.95652818682700591069,	 6.99787055373300859173,	 0.63869415880721436274,	 207928.44945178623311221600,	 207928.65341690048808231950,	 0.00000000000000000000,	 0.00000000000000000000,	 -1.36801667727507680894,	 0.00000000000000000000,	 0.00000000000000000000,	 -0.06840083386375384045,	 0.05000000000000000278,	 0.00087632145462146699,	 0.00000000000000000000,	 0.00000000000000000000
6.23589999999999999858,	 2.00000000000000000000,	 1.50000000000000000000,	 7.06858347057703451100, 320961.18530716805253177881,	 1.86717500352615450865,	 0.36717500352615450865,	 10.95266796639768003274,	 6.97917796530265377442,	 0.63721259392820772671,	 207743.95850886244443245232,	 207744.16152880736626684666,	 0.00000000000000000000,	 0.00000000000000000000,	 -1.36508381426450897678,	 0.00000000000000000000,	 0.00000000000000000000,	 -0.06825419071322545717,	 0.05000000000000000278,	 0.00087436569553395193,	 0.00000000000000000000,	 0.00000000000000000000
6.23700000000000009948,	 2.00000000000000000000,	 1.50000000000000000000,	 7.06858347057703451100, 320961.18530716805253177881,	 1.86684681877924951721,	 0.36684681877924951721,	 10.94881810480090855719,	 6.96084019894291827768,	 0.63576179020552769927,	 207559.89482494842377491295,	 207560.09692147537134587765,	 0.00000000000000000000,	 0.00000000000000000000,	 -1.36221522582395682122,	 0.00000000000000000000,	 0.00000000000000000000,	 -0.06811076129119784939,	 0.05000000000000000278,	 0.00087245161911078076,	 0.00000000000000000000,	 0.00000000000000000000
6.23810000000000020037,	 2.00000000000000000000,	 1.50000000000000000000,	 7.06858347057703451100, 320961.18530716805253177881,	 1.86651944548406567570,	 0.36651944548406567570,	 10.94497843638622747164,	 6.94289726619777258776,	 0.63434544951832294579,	 207376.24364560563117265701,	 207376.44484268029918894172,	 0.00000000000000000000,	 0.00000000000000000000,	 -1.35941889285554373679,	 0.00000000000000000000,	 0.00000000000000000000,	 -0.06797094464277719794,	 0.05000000000000000971,	 0.00087058432122131765,	 0.00000000000000000000,	 0.00000000000000000000
6.23920000000000030127,	 2.00000000000000000000,	 1.50000000000000000000,	 7.06858347057703451100, 320961.18530716805253177881,	 1.86619286799683536948,	 0.36619286799683536948,	 10.94114877271318242435,	 6.92538700755243841201,	 0.63296708155766012727,	 207192.98940189566928893328,	 207193.18972555882646702230,	 0.00000000000000000000,	 0.00000000000000000000,	 -1.35670239108154921936,	 0.00000000000000000000,	 0.00000000000000000000,	 -0.06783511955407746374,	 0.05000000000000000278,	 0.00086876863611006557,	 0.00000000000000000000,	 0.00000000000000000000
6.24030000000000040217,	 2.00000000000000000000,	 1.50000000000000000000,	 7.06858347057703451100, 320961.18530716805253177881,	 1.86586706880902264416,	 0.36586706880902264416,	 10.93732890362002585505,	 6.90834499763519627180,	 0.63162999471915659555,	 207010.11577258928446099162,	 207010.31525081439758650959,	 0.00000000000000000000,	 0.00000000000000000000,	 -1.35407287105897444768,	 0.00000000000000000000,	 0.00000000000000000000,	 -0.06770364355294872238,	 0.05000000000000000278,	 0.00086700912374717241,	 0.00000000000000000000,	 0.00000000000000000000
6.24140000000000050306,	 2.00000000000000000000,	 1.50000000000000000000,	 7.06858347057703451100, 320961.18530716805253177881,	 1.86554202863923634936,	 0.36554202863923634936,	 10.93351859831937034073,	 6.89180454055947055991,	 0.63033729522523829214,	 206827.60574550219462253153,	 206827.80440805506077595055,	 0.00000000000000000000,	 0.00000000000000000000,	 -1.35153705582289984655,	 0.00000000000000000000,	 0.00000000000000000000,	 -0.06757685279114498955,	 0.04999999999999999584,	 0.00086531006847103277,	 0.00000000000000000000,	 0.00000000000000000000
6.24250000000000060396,	 2.00000000000000000000,	 1.50000000000000000000,	 7.06858347057703451100, 320961.18530716805253177881,	 1.86521772652688433425,	 0.36521772652688433425,	 10.92971760651297863376,	 6.87579673571081873007,	 0.62909189269570486847,	 206645.44167124159866943955,	 206645.63954954632208682597,	 0.00000000000000000000,	 0.00000000000000000000,	 -1.34910125236071198884,	 0.00000000000000000000,	 0.00000000000000000000,	 -0.06745506261803560499,	 0.05000000000000000278,	 0.00086367548648451798,	 0.00000000000000000000,	 0.00000000000000000000
6.24360000000000070486,	 2.00000000000000000000,	 1.50000000000000000000,	 7.06858347057703451100, 320961.18530716805253177881,	 1.86489413992393471275,	 0.36489413992393471275,	 10.92592565948312710589,	 6.86035064205166023044,	 0.62789651475408292391,	 206463.60530701614334248006,	 206463.80243403275380842388,	 0.00000000000000000000,	 0.00000000000000000000,	 -1.34677138248650085650,	 0.00000000000000000000,	 0.00000000000000000000,	 -0.06733856912432503727,	 0.04999999999999999584,	 0.00086210914576369323,	 0.00000000000000000000,	 0.00000000000000000000
6.24469999999999991758,	 2.00000000000000000000,	 1.50000000000000000000,	 7.06858347057703451100, 320961.18530716805253177881,	 1.86457124478504288057,	 0.36457124478504288057,	 10.92214247116364056467,	 6.84549342516491332589,	 0.62675372009092622516,	 206282.07786614343058317900,	 206282.27427625624113716185,	 0.00000000000000000000,	 0.00000000000000000000,	 -1.34455301044435326929,	 0.00000000000000000000,	 0.00000000000000000000,	 -0.06722765052221767179,	 0.05000000000000000278,	 0.00086061458386029821,	 0.00000000000000000000,	 0.00000000000000000000
6.24580000000000001847,	 2.00000000000000000000,	 1.50000000000000000000,	 7.06858347057703451100, 320961.18530716805253177881,	 1.86424901565854495011,	 0.36424901565854495011,	 10.91836773921988523739,	 6.83125039634117392495,	 0.62566590167160507363,	 206100.84007738117361441255,	 206101.03580629141652025282,	 0.00000000000000000000,	 0.00000000000000000000,	 -1.34245134939891919146,	 0.00000000000000000000,	 0.00000000000000000000,	 -0.06712256746994596512,	 0.05000000000000000278,	 0.00085919511218095765,	 0.00000000000000000000,	 0.00000000000000000000
6.24690000000000011937,	 2.00000000000000000000,	 1.50000000000000000000,	 7.06858347057703451100, 320961.18530716805253177881,	 1.86392742578079406712,	 0.36392742578079406712,	 10.91460114616677579136,	 6.81764491635818892235,	 0.62463527755684922216,	 205919.87225370644591748714,	 205920.06733832141617313027,	 0.00000000000000000000,	 0.00000000000000000000,	 -1.34047124135252482269,	 0.00000000000000000000,	 0.00000000000000000000,	 -0.06702356206762624669,	 0.05000000000000000278,	 0.00085785380325727764,	 0.00000000000000000000,	 0.00000000000000000000
6.24800000000000022027,	 2.00000000000000000000,	 1.50000000000000000000,	 7.06858347057703451100, 320961.18530716805253177881,	 1.86360644717531220849,	 0.36360644717531220849,	 10.91084236054194889221,	 6.80469820038712214227,	 0.62366387264430500625,	 205739.15436634659999981523,	 205739.34884465963114053011,	 0.00000000000000000000,	 0.00000000000000000000,	 -1.33861711755633572274,	 0.00000000000000000000,	 0.00000000000000000000,	 -0.06693085587781678891,	 0.05000000000000000278,	 0.00085659346554003415,	 0.00000000000000000000,	 0.00000000000000000000
6.24910000000000032117,	 2.00000000000000000000,	 1.50000000000000000000,	 7.06858347057703451100, 320961.18530716805253177881,	 1.86328605075653430667,	 0.36328605075653430667,	 10.90709103813150271378,	 6.79242910518080922344,	 0.62275349874996754895,	 205558.66611859211116097867,	 205558.86002955221920274198,	 0.00000000000000000000,	 0.00000000000000000000,	 -1.33689295531862373245,	 0.00000000000000000000,	 0.00000000000000000000,	 -0.06684464776593118662,	 0.05000000000000000278,	 0.00085541661590055691,	 0.00000000000000000000,	 0.00000000000000000000
6.25020000000000042206,	 2.00000000000000000000,	 1.50000000000000000000,	 7.06858347057703451100, 320961.18530716805253177881,	 1.86296620643721388966,	 0.36296620643721388966,	 10.90334682323731030351,	 6.78085396068559642657,	 0.62190573872548748913,	 205378.38701880353619344532,	 205378.58040217746747657657,	 0.00000000000000000000,	 0.00000000000000000000,	 -1.33530224343647452301,	 0.00000000000000000000,	 0.00000000000000000000,	 -0.06676511217182372337,	 0.04999999999999999584,	 0.00085432545766287685,	 0.00000000000000000000,	 0.00000000000000000000
6.25130000000000052296,	 2.00000000000000000000,	 1.50000000000000000000,	 7.06858347057703451100, 320961.18530716805253177881,	 1.86264688323893734534,	 0.36264688323893734534,	 10.89960934997941244262,	 6.76998646557116146028,	 0.62112193640994561861,	 205198.29645405939663760364,	 205198.48935028933919966221,	 0.00000000000000000000,	 0.00000000000000000000,	 -1.33384796012410711263,	 0.00000000000000000000,	 0.00000000000000000000,	 -0.06669239800620535563,	 0.05000000000000000278,	 0.00085332186664104710,	 0.00000000000000000000,	 0.00000000000000000000
6.25240000000000062386,	 2.00000000000000000000,	 1.50000000000000000000,	 7.06858347057703451100, 320961.18530716805253177881,	 1.86232804940555363160,	 0.36232804940555363160,	 10.89587824363121804083,	 6.75983763934512715821,	 0.62040319175706093446,	 205018.37376494199270382524,	 205018.56621500215260311961,	 0.00000000000000000000,	 0.00000000000000000000,	 -1.33253256203726455631,	 0.00000000000000000000,	 0.00000000000000000000,	 -0.06662662810186323337,	 0.05000000000000000278,	 0.00085240738428094291,	 0.00000000000000000000,	 0.00000000000000000000
6.25350000000000072475,	 2.00000000000000000000,	 1.50000000000000000000,	 7.06858347057703451100, 320961.18530716805253177881,	 1.86200967251927052004,	 0.36200967251927052004,	 10.89215312198454732595,	 6.75041581562657455606,	 0.61975035973389347443,	 204838.59832054475555196404,	 204838.79036579895182512701,	 0.00000000000000000000,	 0.00000000000000000000,	 -1.33135798139089311931,	 0.00000000000000000000,	 0.00000000000000000000,	 -0.06656789906954466152,	 0.05000000000000000278,	 0.00085158321598164278,	 0.00000000000000000000,	 0.00000000000000000000
6.25459999999999993747,	 2.00000000000000000000,	 1.50000000000000000000,	 7.06858347057703451100, 320961.18530716805253177881,	 1.86169171961881252386,	 0.36169171961881252386,	 10.88843359673742305915,	 6.74172666530511754956,	 0.61916405196475532424,	 204658.94959182781167328358,	 204659.14127388942870311439,	 0.00000000000000000000,	 0.00000000000000000000,	 -1.33032562897477180108,	 0.00000000000000000000,	 0.00000000000000000000,	 -0.06651628144873859838,	 0.05000000000000000971,	 0.00085085023318918422,	 0.00000000000000000000,	 0.00000000000000000000
6.25570000000000003837,	 2.00000000000000000000,	 1.50000000000000000000,	 7.06858347057703451100, 320961.18530716805253177881,	 1.86137415731858091306,	 0.36137415731858091306,	 10.88471927489222856877,	 6.73377324626367457228,	 0.61864464082196979344,	 204479.40722125043976120651,	 204479.59858184625045396388,	 0.00000000000000000000,	 0.00000000000000000000,	 -1.32943640243327276806,	 0.00000000000000000000,	 0.00000000000000000000,	 -0.06647182012166363840,	 0.05000000000000000278,	 0.00085020897885500430,	 0.00000000000000000000,	 0.00000000000000000000
6.25680000000000013927,	 2.00000000000000000000,	 1.50000000000000000000,	 7.06858347057703451100, 320961.18530716805253177881,	 1.86105695192744935440,	 0.36105695192744935440,	 10.88100976014819920579,	 6.72655608063492049808,	 0.61819226605889054937,	 204299.95108720636926591396,	 204300.14216804527677595615,	 0.00000000000000000000,	 0.00000000000000000000,	 -1.32869070002107014794,	 0.00000000000000000000,	 0.00000000000000000000,	 -0.06643453500105350740,	 0.05000000000000000278,	 0.00084965967639235836,	 0.00000000000000000000,	 0.00000000000000000000
6.25790000000000024016,	 2.00000000000000000000,	 1.50000000000000000000,	 7.06858347057703451100, 320961.18530716805253177881,	 1.86074006956579496297,	 0.36074006956579496297,	 10.87730465427194559425,	 6.72007325813250933066,	 0.61780684385752426824,	 204120.56136288627749308944,	 204120.75220553443068638444,	 0.00000000000000000000,	 0.00000000000000000000,	 -1.32808843956735955771,	 0.00000000000000000000,	 0.00000000000000000000,	 -0.06640442197836798899,	 0.05000000000000000971,	 0.00084920224195747561,	 0.00000000000000000000,	 0.00000000000000000000
6.25900000000000034106,	 2.00000000000000000000,	 1.50000000000000000000,	 7.06858347057703451100, 320961.18530716805253177881,	 1.86042347627965254375,	 0.36042347627965254375,	 10.87360355843299153378,	 6.71432055708877317812,	 0.61748807752711398766,	 203941.21857028800877742469,	 203941.40921605096082203090,	 0.00000000000000000000,	 0.00000000000000000000,	 -1.32762908101315568743,	 0.00000000000000000000,	 0.00000000000000000000,	 -0.06638145405065778992,	 0.05000000000000000278,	 0.00084883629900776251,	 0.00000000000000000000,	 0.00000000000000000000
6.26010000000000044196,	 2.00000000000000000000,	 1.50000000000000000000,	 7.06858347057703451100, 320961.18530716805253177881,	 1.86010713815126238480,	 0.36010713815126238480,	 10.86990607449588353006,	 6.70929157625082517313,	 0.61723546921834682166,	 203761.90362834814004600048,	 203762.09411816037027165294,	 0.00000000000000000000,	 0.00000000000000000000,	 -1.32731165115964122592,	 0.00000000000000000000,	 0.00000000000000000000,	 -0.06636558255798206962,	 0.05000000000000000971,	 0.00084856119426494718,	 0.00000000000000000000,	 0.00000000000000000000
6.26120000000000054285,	 2.00000000000000000000,	 1.50000000000000000000,	 7.06858347057703451100, 320961.18530716805253177881,	 1.85979102140400498477,	 0.35979102140400498477,	 10.86621180624545068838,	 6.70497787963109015408,	 0.61704833286770144340,	 203582.59790125946165062487,	 203582.78827558201737701893,	 0.00000000000000000000,	 0.00000000000000000000,	 -1.32713477109245436836,	 0.00000000000000000000,	 0.00000000000000000000,	 -0.06635673855462272119,	 0.05000000000000000278,	 0.00084837601537922098,	 0.00000000000000000000,	 0.00000000000000000000
6.26230000000000064375,	 2.00000000000000000000,	 1.50000000000000000000,	 7.06858347057703451100, 320961.18530716805253177881,	 1.85947509250165166073,	 0.35947509250165166073,	 10.86252036054449199298,	 6.70136931675833658062,	 0.61692582331992296130,	 203403.28317534757661633193,	 203403.47347408332279883325,	 0.00000000000000000000,	 0.00000000000000000000,	 -1.32709671843991094953,	 0.00000000000000000000,	 0.00000000000000000000,	 -0.06635483592199555025,	 0.05000000000000000278,	 0.00084827963084888687,	 0.00000000000000000000,	 0.00000000000000000000
6.26339999999999985647,	 2.00000000000000000000,	 1.50000000000000000000,	 7.06858347057703451100, 320961.18530716805253177881,	 1.85915931822149405050,	 0.35915931822149405050,	 10.85883134818520368015,	 6.69845440248839807396,	 0.61686697101229825968,	 203223.94174659132841043174,	 203224.13200902129756286740,	 0.00000000000000000000,	 0.00000000000000000000,	 -1.32719550167955380182,	 0.00000000000000000000,	 0.00000000000000000000,	 -0.06635977508397769564,	 0.05000000000000000278,	 0.00084827073761444894,	 0.00000000000000000000,	 0.00000000000000000000
6.26449999999999995737,	 2.00000000000000000000,	 1.50000000000000000000,	 7.06858347057703451100, 320961.18530716805253177881,	 1.85884366579930460084,	 0.35884366579930460084,	 10.85514438557878413860,	 6.69621841069308842975,	 0.61687050607904503341,	 203044.55675678199622780085,	 203044.74702139262808486819,	 0.00000000000000000000,	 0.00000000000000000000,	 -1.32742848132694368779,	 0.00000000000000000000,	 0.00000000000000000000,	 -0.06637142406634718994,	 0.05000000000000000278,	 0.00084834761906159750,	 0.00000000000000000000,	 0.00000000000000000000
6.26560000000000005826,	 2.00000000000000000000,	 1.50000000000000000000,	 7.06858347057703451100, 320961.18530716805253177881,	 1.85852810308048876919,	 0.35852810308048876919,	 10.85145909651565965248,	 6.69464295886336735464,	 0.61693481948551764926,	 202865.11214548870339058340,	 202865.30244977446272969246,	 0.00000000000000000000,	 0.00000000000000000000,	 -1.32779228565434226361,	 0.00000000000000000000,	 0.00000000000000000000,	 -0.06638961428271711318,	 0.05000000000000000278,	 0.00084850809136466712,	 0.00000000000000000000,	 0.00000000000000000000
6.26670000000000015916,	 2.00000000000000000000,	 1.50000000000000000000,	 7.06858347057703451100, 320961.18530716805253177881,	 1.85821259862107535099,	 0.35821259862107535099,	 10.84777511333835597895,	 6.69370713414176066181,	 0.61705806621223369124,	 202685.59253877575974911451,	 202685.78291910429834388196,	 0.00000000000000000000,	 0.00000000000000000000,	 -1.32828303213557852303,	 0.00000000000000000000,	 0.00000000000000000000,	 -0.06641415160677893725,	 0.05000000000000000971,	 0.00084874964520018136,	 0.00000000000000000000,	 0.00000000000000000000
6.26780000000000026006,	 2.00000000000000000000,	 1.50000000000000000000,	 7.06858347057703451100, 320961.18530716805253177881,	 1.85789712175397458971,	 0.35789712175397458971,	 10.84409207770776006896,	 6.69338883866870570927,	 0.61723828889541887399,	 202505.98321067477809265256,	 202506.17370222741737961769,	 0.00000000000000000000,	 0.00000000000000000000,	 -1.32889659318209418792,	 0.00000000000000000000,	 0.00000000000000000000,	 -0.06644482965910471217,	 0.05000000000000000278,	 0.00084906961567983549,	 0.00000000000000000000,	 0.00000000000000000000
6.26890000000000036096,	 2.00000000000000000000,	 1.50000000000000000000,	 7.06858347057703451100, 320961.18530716805253177881,	 1.85758164264608227612,	 0.35758164264608227612,	 10.84040964126182160499,	 6.69366558637306674484,	 0.61747349112112748237,	 202326.27011381031479686499,	 202326.46075056644622236490,	 0.00000000000000000000,	 0.00000000000000000000,	 -1.32962875374145239604,	 0.00000000000000000000,	 0.00000000000000000000,	 -0.06648143768707262535,	 0.05000000000000000278,	 0.00084946528310932135,	 0.00000000000000000000,	 0.00000000000000000000
6.27000000000000046185,	 2.00000000000000000000,	 1.50000000000000000000,	 7.06858347057703451100, 320961.18530716805253177881,	 1.85726613235965865023,	 0.35726613235965865023,	 10.83672746632354311203,	 6.69451462271851305275,	 0.61776164838716640659,	 202146.43993662123102694750,	 202146.63075134833343327045,	 0.00000000000000000000,	 0.00000000000000000000,	 -1.33047523480611706859,	 0.00000000000000000000,	 0.00000000000000000000,	 -0.06652376174030585898,	 0.05000000000000000278,	 0.00084993388803838792,	 0.00000000000000000000,	 0.00000000000000000000
6.27110000000000056275,	 2.00000000000000000000,	 1.50000000000000000000,	 7.06858347057703451100, 320961.18530716805253177881,	 1.85696090180787742874,	 0.35696090180787742874,	 10.83316585665859754783,	 7.01661401118835748036,	 0.64769746019125151726,	 202062.57507651217747479677,	 202062.78483251214493066072,	 0.00000000000000000000,	 0.00000000000000000000,	 -1.39517737731725866013,	 0.00000000000000000000,	 0.00000000000000000000,	 -0.06975886886586293856,	 0.05000000000000000278,	 0.00089119365586285847,	 0.00000000000000000000,	 0.00000000000000000000
6.27220000000000066365,	 2.00000000000000000000,	 1.50000000000000000000,	 7.06858347057703451100, 320961.18530716805253177881,	 1.85669918699605940304,	 0.35669918699605940304,	 10.83011248039388263464,	 8.41185989129816924503,	 0.77671029793332635460,	 202105.60003461109590716660,	 202105.90167405456304550171,	 0.00000000000000000000,	 0.00000000000000000000,	 -1.67331424147378560185,	 0.00000000000000000000,	 0.00000000000000000000,	 -0.08366571207368929397,	 0.05000000000000000971,	 0.00106878305994557391,	 0.00000000000000000000,	 0.00000000000000000000
6.27329999999999987637,	 2.00000000000000000000,	 1.50000000000000000000,	 7.06858347057703451100, 320961.18530716805253177881,	 1.85649905154497973925,	 0.35649905154497973925,	 10.82777782904727104096,	 11.02560834540440559692,	 1.01827064790952959150,	 202207.16582383160130120814,	 202207.68426138779614120722,	 0.00000000000000000000,	 0.00000000000000000000,	 -2.19395888635035785086,	 0.00000000000000000000,	 0.00000000000000000000,	 -0.10969794431751789254,	 0.05000000000000000278,	 0.00140125485859360745,	 0.00000000000000000000,	 0.00000000000000000000
6.27439999999999997726,	 2.00000000000000000000,	 1.50000000000000000000,	 7.06858347057703451100, 320961.18530716805253177881,	 1.85636850302244460487,	 0.35636850302244460487,	 10.82625506963998951449,	 14.57174897161255877620,	 1.34596394393810636636,	 202372.34798760458943434060,	 202373.25379707379033789039,	 0.00000000000000000000,	 0.00000000000000000000,	 -2.90020853455911664653,	 0.00000000000000000000,	 0.00000000000000000000,	 -0.14501042672795583233,	 0.05000000000000000278,	 0.00185226279100713471,	 0.00000000000000000000,	 0.00000000000000000000
6.27550000000000007816,	 2.00000000000000000000,	 1.50000000000000000000,	 7.06858347057703451100, 320961.18530716805253177881,	 1.85629513546905022814,	 0.35629513546905022814,	 10.82539933420871669512,	 18.80401717500865288457,	 1.73702757694925558063,	 202525.70468268534750677645,	 202527.21331508687580935657,	 0.00000000000000000000,	 0.00000000000000000000,	 -3.74299871557944197065,	 0.00000000000000000000,	 0.00000000000000000000,	 -0.18714993577897209853,	 0.05000000000000000278,	 0.00239047646403390060,	 0.00000000000000000000,	 0.00000000000000000000
6.27660000000000017906,	 2.00000000000000000000,	 1.50000000000000000000,	 7.06858347057703451100, 320961.18530716805253177881,	 1.85627083163562844881,	 0.35627083163562844881,	 10.82511586960787219880,	 23.48485771406703648267,	 2.16947864548980096089,	 202647.41080219091963954270,	 202649.76412098752916790545,	 0.00000000000000000000,	 0.00000000000000000000,	 -4.67491835462003901824,	 0.00000000000000000000,	 0.00000000000000000000,	 -0.23374591773100197867,	 0.05000000000000000278,	 0.00298562996940999071,	 0.00000000000000000000,	 0.00000000000000000000
6.27770000000000027995,	 2.00000000000000000000,	 1.50000000000000000000,	 7.06858347057703451100, 320961.18530716805253177881,	 1.85626820326142727424,	 0.35626820326142727424,	 10.82508521412953506058,	 28.29279224999595143686,	 2.61363228929288649027,	 202699.23537104457500390708,	 202702.65090791639522649348,	 0.00000000000000000000,	 0.00000000000000000000,	 -5.63201434943675671718,	 0.00000000000000000000,	 0.00000000000000000000,	 -0.28160071747183784696,	 0.05000000000000000278,	 0.00359687542106099578,	 0.00000000000000000000,	 0.00000000000000000000
6.27880000000000038085,	 2.00000000000000000000,	 1.50000000000000000000,	 7.06858347057703451100, 320961.18530716805253177881,	 1.85629106673161103913,	 0.35629106673161103913,	 10.82535187876000648544,	 32.97932693993339370309,	 3.04649006418357837234,	 202820.60930138279218226671,	 202825.24985223836847580969,	 0.00000000000000000000,	 0.00000000000000000000,	 -6.56468184065026427731,	 0.00000000000000000000,	 0.00000000000000000000,	 -0.32823409203251324717,	 0.05000000000000000278,	 0.00419254758771496136,	 0.00000000000000000000,	 0.00000000000000000000
6.27990000000000048175,	 2.00000000000000000000,	 1.50000000000000000000,	 7.06858347057703451100, 320961.18530716805253177881,	 1.85634621362149454527,	 0.35634621362149454527,	 10.82599508969427049010,	 37.43440733029154898759,	 3.45782600307356213776,	 202963.36412268577259965241,	 202969.34240301954559981823,	 0.00000000000000000000,	 0.00000000000000000000,	 -7.45082135584565374842,	 0.00000000000000000000,	 0.00000000000000000000,	 -0.37254106779228268742,	 0.05000000000000000278,	 0.00475855309770119306,	 0.00000000000000000000,	 0.00000000000000000000
6.28100000000000058265,	 2.00000000000000000000,	 1.50000000000000000000,	 7.06858347057703451100, 320961.18530716805253177881,	 1.85643225746215811967,	 0.35643225746215811967,	 10.82699870828436417014,	 41.63420329725789770237,	 3.84540576932009381395,	 203124.46229502581991255283,	 203131.85586779119330458343,	 0.00000000000000000000,	 0.00000000000000000000,	 -8.28558274370209169035,	 0.00000000000000000000,	 0.00000000000000000000,	 -0.41427913718510456231,	 0.04999999999999999584,	 0.00529180573397242636,	 0.00000000000000000000,	 0.00000000000000000000
6.28210000000000068354,	 2.00000000000000000000,	 1.50000000000000000000,	 7.06858347057703451100, 320961.18530716805253177881,	 1.85655048604596539796,	 0.35655048604596539796,	 10.82837780679974137854,	 45.66032958664480645439,	 4.21672852585288815419,	 203289.70460937274037860334,	 203298.59500910309725441039,	 0.00000000000000000000,	 0.00000000000000000000,	 -9.08508237733641266232,	 0.00000000000000000000,	 0.00000000000000000000,	 -0.45425411886682065532,	 0.05000000000000000278,	 0.00580261200430242860,	 0.00000000000000000000,	 0.00000000000000000000
6.28319999999999989626,	 2.00000000000000000000,	 1.50000000000000000000,	 7.06858347057703451100, 320961.18530716805253177881,	 1.85669123403689062535,	 0.35669123403689062535,	 10.83001970148980852571,	 49.59451953919467825926,	 4.57935635448311462170,	 203436.91350062255514785647,	 203447.39875293322256766260,	 0.00000000000000000000,	 0.00000000000000000000,	 -9.86562821116249644149,	 0.00000000000000000000,	 0.00000000000000000000,	 -0.49328141055812485538,	 0.05000000000000000278,	 0.00630138288671151878,	 0.00000000000000000000,	 0.00000000000000000000
6.28429999999999999716,	 2.00000000000000000000,	 1.50000000000000000000,	 7.06858347057703451100, 320961.18530716805253177881,	 1.85684950546861760046,	 0.35684950546861760046,	 10.83186616443403060828,	 53.49835433813247931312,	 4.93897852189053399030,	 203584.68872783082770183682,	 203596.88548225068370811641,	 0.00000000000000000000,	 0.00000000000000000000,	 -10.63948049067998624650,	 0.00000000000000000000,	 0.00000000000000000000,	 -0.53197402453399933453,	 0.05000000000000000278,	 0.00679594814548210597,	 0.00000000000000000000,	 0.00000000000000000000
6.28540000000000009805,	 2.00000000000000000000,	 1.50000000000000000000,	 7.06858347057703451100, 320961.18530716805253177881,	 1.85702410752034263730,	 0.35702410752034263730,	 10.83390333004157923824,	 57.41188178452902235449,	 5.29927949655322283462,	 203740.82309717361931689084,	 203754.86427876490051858127,	 0.00000000000000000000,	 0.00000000000000000000,	 -11.41456263296285023046,	 0.00000000000000000000,	 0.00000000000000000000,	 -0.57072813164814251152,	 0.05000000000000000278,	 0.00729137319019642401,	 0.00000000000000000000,	 0.00000000000000000000
6.28650000000000019895,	 2.00000000000000000000,	 1.50000000000000000000,	 7.06858347057703451100, 320961.18530716805253177881,	 1.85721536020648958498,	 0.35721536020648958498,	 10.83613498638034933208,	 61.35276054194535078068,	 5.66186750340947320126,	 203908.65976932612829841673,	 203924.68814113922417163849,	 0.00000000000000000000,	 0.00000000000000000000,	 -12.19431547837289819824,	 0.00000000000000000000,	 0.00000000000000000000,	 -0.60971577391864495432,	 0.05000000000000000278,	 0.00778986337281842908,	 0.00000000000000000000,	 0.00000000000000000000
6.28760000000000029985,	 2.00000000000000000000,	 1.50000000000000000000,	 7.06858347057703451100, 320961.18530716805253177881,	 1.85742402296024078368,	 0.35742402296024078368,	 10.83857005646936499943,	 65.32274820460001762967,	 6.02687881005206360641,	 204089.07361442202818579972,	 204107.23524851756519638002,	 0.00000000000000000000,	 0.00000000000000000000,	 -12.97900476262134183969,	 0.00000000000000000000,	 0.00000000000000000000,	 -0.64895023813106711419,	 0.05000000000000000278,	 0.00829159730337140737,	 0.00000000000000000000,	 0.00000000000000000000
6.28870000000000040075,	 2.00000000000000000000,	 1.50000000000000000000,	 7.06858347057703451100, 320961.18530716805253177881,	 1.85765089789117321395,	 0.35765089789117321395,	 10.84121797097865602666,	 69.31278869659855956797,	 6.39345033760460168537,	 204283.32031398819526657462,	 204303.75841759791364893317,	 0.00000000000000000000,	 0.00000000000000000000,	 -13.76674238386237014709,	 0.00000000000000000000,	 0.00000000000000000000,	 -0.68833711919311857397,	 0.05000000000000000278,	 0.00879537816792628872,	 0.00000000000000000000,	 0.00000000000000000000
6.28980000000000050164,	 2.00000000000000000000,	 1.50000000000000000000,	 7.06858347057703451100, 320961.18530716805253177881,	 1.85789714506449987752,	 0.35789714506449987752,	 10.84409234982345360265,	 73.30868503487305076760,	 6.76024167537327791422,	 204491.64804924841155298054,	 204514.49848300314624793828,	 0.00000000000000000000,	 0.00000000000000000000,	 -14.55460910380716654799,	 0.00000000000000000000,	 0.00000000000000000000,	 -0.72773045519035839401,	 0.05000000000000000278,	 0.00929935143115523735,	 0.00000000000000000000,	 0.00000000000000000000
6.29090000000000060254,	 2.00000000000000000000,	 1.50000000000000000000,	 7.06858347057703451100, 320961.18530716805253177881,	 1.85816303950412131663,	 0.35816303950412131663,	 10.84719649387697870679,	 77.30113174893416783107,	 7.12636963777406240439,	 204710.97096611154847778380,	 204736.36353821863303892314,	 0.00000000000000000000,	 0.00000000000000000000,	 -15.34067675713933454062,	 0.00000000000000000000,	 0.00000000000000000000,	 -0.76703383785696677144,	 0.05000000000000000278,	 0.00980229364494076411,	 0.00000000000000000000,	 0.00000000000000000000
6.29200000000000070344,	 2.00000000000000000000,	 1.50000000000000000000,	 7.06858347057703451100, 320961.18530716805253177881,	 1.85844842403542109821,	 0.35844842403542109821,	 10.85052866628689649531,	 81.28206751262491991383,	 7.49106979138925588302,	 204940.63117701726150698960,	 204968.68924032698851078749,	 0.00000000000000000000,	 0.00000000000000000000,	 -16.12327723386200517552,	 0.00000000000000000000,	 0.00000000000000000000,	 -0.80616386169310028098,	 0.05000000000000000278,	 0.01030314611397878215,	 0.00000000000000000000,	 0.00000000000000000000
6.29309999999999991616,	 2.00000000000000000000,	 1.50000000000000000000,	 7.06858347057703451100, 320961.18530716805253177881,	 1.85875307758823948845,	 0.35875307758823948845,	 10.85408639004342035150,	 85.24622087608300091688,	 7.85383659321896931971,	 205180.42981261669774539769,	 205211.27118723318562842906,	 0.00000000000000000000,	 0.00000000000000000000,	 -16.90130160464227415673,	 0.00000000000000000000,	 0.00000000000000000000,	 -0.84506508023211368563,	 0.04999999999999999584,	 0.01080120684238413190,	 0.00000000000000000000,	 0.00000000000000000000
6.29420000000000001705,	 2.00000000000000000000,	 1.50000000000000000000,	 7.06858347057703451100, 320961.18530716805253177881,	 1.85907675680905692950,	 0.35907675680905692950,	 10.85786693320642548599,	 89.19219097486745795322,	 8.21452238487953145807,	 205430.09598604997154325247,	 205463.83517505580675788224,	 0.00000000000000000000,	 0.00000000000000000000,	 -17.67441253792886257656,	 0.00000000000000000000,	 0.00000000000000000000,	 -0.88372062689644315103,	 0.05000000000000000278,	 0.01129626648124086759,	 0.00000000000000000000,	 0.00000000000000000000
6.29530000000000011795,	 2.00000000000000000000,	 1.50000000000000000000,	 7.06858347057703451100, 320961.18530716805253177881,	 1.85941914329344304413,	 0.35941914329344304413,	 10.86186669191233455933,	 93.12283408302768350495,	 8.57337295000741050899,	 205689.06799274293007329106,	 205725.81935461287503130734,	 0.00000000000000000000,	 0.00000000000000000000,	 -18.44312075828598196381,	 0.00000000000000000000,	 0.00000000000000000000,	 -0.92215603791429923142,	 0.05000000000000000971,	 0.01178865721058343884,	 0.00000000000000000000,	 0.00000000000000000000
6.29640000000000021885,	 2.00000000000000000000,	 1.50000000000000000000,	 7.06858347057703451100, 320961.18530716805253177881,	 1.85977977302587360597,	 0.35977977302587360597,	 10.86608036471441884885,	 97.04450527534524439943,	 8.93095780797639626769,	 205956.48753157228929921985,	 205996.36853525621700100601,	 0.00000000000000000000,	 0.00000000000000000000,	 -19.20863521049198396895,	 0.00000000000000000000,	 0.00000000000000000000,	 -0.96043176052459933167,	 0.05000000000000000971,	 0.01227915692852462465,	 0.00000000000000000000,	 0.00000000000000000000
6.29750000000000031974,	 2.00000000000000000000,	 1.50000000000000000000,	 7.06858347057703451100, 320961.18530716805253177881,	 1.86015799919793578532,	 0.36015799919793578532,	 10.87050051590973964721,	 100.96522493983086121716,	 9.28800148549380821805,	 206231.34560197615064680576,	 206274.47908777341945096850,	 0.00000000000000000000,	 0.00000000000000000000,	 -19.97250016288641205620,	 0.00000000000000000000,	 0.00000000000000000000,	 -0.99862500814432064722,	 0.05000000000000000278,	 0.01276875726809795566,	 0.00000000000000000000,	 0.00000000000000000000
6.29860000000000042064,	 2.00000000000000000000,	 1.50000000000000000000,	 7.06858347057703451100, 320961.18530716805253177881,	 1.86055300737198092698,	 0.36055300737198092698,	 10.87511775000974090233,	 104.89240698500502446677,	 9.64517436925324922470,	 206512.66755214106524363160,	 206559.18224644771544262767,	 0.00000000000000000000,	 0.00000000000000000000,	 -20.73614528806571755126,	 0.00000000000000000000,	 0.00000000000000000000,	 -1.03680726440328596638,	 0.05000000000000000278,	 0.01325837601353263215,	 0.00000000000000000000,	 0.00000000000000000000
6.29970000000000052154,	 2.00000000000000000000,	 1.50000000000000000000,	 7.06858347057703451100, 320961.18530716805253177881,	 1.86096386985783701640,	 0.36096386985783701640,	 10.87992134468807670089,	 108.83098095804928107100,	 10.00291982912027499708,	 206799.63813105615554377437,	 206849.66733361006481572986,	 0.00000000000000000000,	 0.00000000000000000000,	 -21.50051377383144668443,	 0.00000000000000000000,	 0.00000000000000000000,	 -1.07502568869157233422,	 0.05000000000000000278,	 0.01374861939120214371,	 0.00000000000000000000,	 0.00000000000000000000
6.30080000000000062244,	 2.00000000000000000000,	 1.50000000000000000000,	 7.06858347057703451100, 320961.18530716805253177881,	 1.86138961103041311596,	 0.36138961103041311596,	 10.88490001234649007245,	 112.78248282762403675861,	 10.36137058674838407057,	 207091.63205922624911181629,	 207145.31105944421142339706,	 0.00000000000000000000,	 0.00000000000000000000,	 -22.26588248982999473924,	 0.00000000000000000000,	 0.00000000000000000000,	 -1.11329412449149978137,	 0.05000000000000000278,	 0.01423966709823865431,	 0.00000000000000000000,	 0.00000000000000000000
6.30190000000000072333,	 2.00000000000000000000,	 1.50000000000000000000,	 7.06858347057703451100, 320961.18530716805253177881,	 1.86182925969072532446,	 0.36182925969072532446,	 10.89004251108627485678,	 116.74522102255505728863,	 10.72036412196795041041,	 207388.17427390391821973026,	 207445.63737735772156156600,	 0.00000000000000000000,	 0.00000000000000000000,	 -23.03189525284127370242,	 0.00000000000000000000,	 0.00000000000000000000,	 -1.15159476264206372953,	 0.05000000000000000278,	 0.01473129352641716107,	 0.00000000000000000000,	 0.00000000000000000000
6.30299999999999993605,	 2.00000000000000000000,	 1.50000000000000000000,	 7.06858347057703451100, 320961.18530716805253177881,	 1.86228187869413841504,	 0.36228187869413841504,	 10.89533799057094931584,	 120.71522340257283190113,	 11.07952993354059145759,	 207688.87687873156392015517,	 207750.25487050568335689604,	 0.00000000000000000000,	 0.00000000000000000000,	 -23.79775062045866818039,	 0.00000000000000000000,	 0.00000000000000000000,	 -1.18988753102293332020,	 0.04999999999999999584,	 0.01522298777353508180,	 0.00000000000000000000,	 0.00000000000000000000
6.30410000000000003695,	 2.00000000000000000000,	 1.50000000000000000000,	 7.06858347057703451100, 320961.18530716805253177881,	 1.86274657509257424159,	 0.36274657509257424159,	 10.90077611040850236179,	 124.68748771672041186775,	 11.43840461026107568898,	 207993.39060635000350885093,	 208058.80915636403369717300,	 0.00000000000000000000,	 0.00000000000000000000,	 -24.56244937063994271398,	 0.00000000000000000000,	 0.00000000000000000000,	 -1.22812246853199735774,	 0.05000000000000000971,	 0.01571411185013843123,	 0.00000000000000000000,	 0.00000000000000000000
6.30520000000000013785,	 2.00000000000000000000,	 1.50000000000000000000,	 7.06858347057703451100, 320961.18530716805253177881,	 1.86322250012285328680,	 0.36322250012285328680,	 10.90634703993947240974,	 128.65710242868351542711,	 11.79653480285710109854,	 208301.38472012686543166637,	 208370.96383680438157171011,	 0.00000000000000000000,	 0.00000000000000000000,	 -25.32501577686891280905,	 0.00000000000000000000,	 0.00000000000000000000,	 -1.26625078884344577368,	 0.05000000000000000278,	 0.01620404219303979432,	 0.00000000000000000000,	 0.00000000000000000000
6.30630000000000023874,	 2.00000000000000000000,	 1.50000000000000000000,	 7.06858347057703451100, 320961.18530716805253177881,	 1.86370884746061871162,	 0.36370884746061871162,	 10.91204143781276414416,	 132.61998211187926699495,	 12.15354458353870903409,	 208612.54932558498694561422,	 208686.40364855702500790358,	 0.00000000000000000000,	 0.00000000000000000000,	 -26.08464213731328484869,	 0.00000000000000000000,	 0.00000000000000000000,	 -1.30423210686566437566,	 0.05000000000000000278,	 0.01669226216710051683,	 0.00000000000000000000,	 0.00000000000000000000
6.30740000000000033964,	 2.00000000000000000000,	 1.50000000000000000000,	 7.06858347057703451100, 320961.18530716805253177881,	 1.86420485388692891426,	 0.36420485388692891426,	 10.91785045987854374516,	 136.57316014770566425796,	 12.50916200488287088888,	 208926.60582123426138423383,	 209004.84538826646166853607,	 0.00000000000000000000,	 0.00000000000000000000,	 -26.84074548738751531118,	 0.00000000000000000000,	 0.00000000000000000000,	 -1.34203727436937580997,	 0.05000000000000000278,	 0.01717839845011010988,	 0.00000000000000000000,	 0.00000000000000000000
6.30850000000000044054,	 2.00000000000000000000,	 1.50000000000000000000,	 7.06858347057703451100, 320961.18530716805253177881,	 1.86470980216400983309,	 0.36470980216400983309,	 10.92376579305756933991,	 140.51472843944597457266,	 12.86321320883206276164,	 209243.31295099758426658809,	 209326.04407802553032524884,	 0.00000000000000000000,	 0.00000000000000000000,	 -27.59295455819282594234,	 0.00000000000000000000,	 0.00000000000000000000,	 -1.37964772790964129712,	 0.05000000000000000278,	 0.01766221281473452642,	 0.00000000000000000000,	 0.00000000000000000000
6.30960000000000054143,	 2.00000000000000000000,	 1.50000000000000000000,	 7.06858347057703451100, 320961.18530716805253177881,	 1.86522302377228710313,	 0.36522302377228710313,	 10.92977968771426233729,	 144.44357301005567251195,	 13.21559785623300697921,	 209562.46385327368625439703,	 209649.78986662250827066600,	 0.00000000000000000000,	 0.00000000000000000000,	 -28.34105667322367949623,	 0.00000000000000000000,	 0.00000000000000000000,	 -1.41705283366118406363,	 0.05000000000000000278,	 0.01814356826447880225,	 0.00000000000000000000,	 0.00000000000000000000
6.31070000000000064233,	 2.00000000000000000000,	 1.50000000000000000000,	 7.06858347057703451100, 320961.18530716805253177881,	 1.86574389935050177769,	 0.36574389935050177769,	 10.93588496322637659830,	 148.35904691477580286119,	 13.56625891856546495262,	 209883.87619141387403942645,	 209975.89788193666026927531,	 0.00000000000000000000,	 0.00000000000000000000,	 -29.08493266045381275831,	 0.00000000000000000000,	 0.00000000000000000000,	 -1.45424663302269063792,	 0.05000000000000000278,	 0.01862238746333697362,	 0.00000000000000000000,	 0.00000000000000000000
6.31180000000000074323,	 2.00000000000000000000,	 1.50000000000000000000,	 7.06858347057703451100, 320961.18530716805253177881,	 1.86627185605975953742,	 0.36627185605975953742,	 10.94207497755721192334,	 152.26067929905167375182,	 13.91515591067933321767,	 210207.38029074156656861305,	 210304.19607275081216357648,	 0.00000000000000000000,	 0.00000000000000000000,	 -29.82449928824036788910,	 0.00000000000000000000,	 0.00000000000000000000,	 -1.49122496441201857209,	 0.05000000000000000278,	 0.01909861593578256883,	 0.00000000000000000000,	 0.00000000000000000000
6.31289999999999995595,	 2.00000000000000000000,	 1.50000000000000000000,	 7.06858347057703451100, 320961.18530716805253177881,	 1.86680636248105136232,	 0.36680636248105136232,	 10.94834356790140894589,	 156.14796981356170135768,	 14.26224605075051776737,	 210532.80961568062775768340,	 210634.51544688671128824353,	 0.00000000000000000000,	 0.00000000000000000000,	 -30.55966882777384796555,	 0.00000000000000000000,	 0.00000000000000000000,	 -1.52798344138869235387,	 0.04999999999999999584,	 0.01957219619043404357,	 0.00000000000000000000,	 0.00000000000000000000
6.31400000000000005684,	 2.00000000000000000000,	 1.50000000000000000000,	 7.06858347057703451100, 320961.18530716805253177881,	 1.86734692236651489416,	 0.36734692236651489416,	 10.95468497782794514706,	 160.02027900649392222476,	 14.60747427519564922704,	 210859.99540838351822458208,	 210966.68456073376000858843,	 0.00000000000000000000,	 0.00000000000000000000,	 -31.29032768412072584852,	 0.00000000000000000000,	 0.00000000000000000000,	 -1.56451638420603633683,	 0.05000000000000000278,	 0.02004305402589567561,	 0.00000000000000000000,	 0.00000000000000000000
6.31510000000000015774,	 2.00000000000000000000,	 1.50000000000000000000,	 7.06858347057703451100, 320961.18530716805253177881,	 1.86789306845430291837,	 0.36789306845430291837,	 10.96109378508302079069,	 163.87680285515773448424,	 14.95077097854760417306,	 211188.76478631963254883885,	 211300.52756274610874243081,	 0.00000000000000000000,	 0.00000000000000000000,	 -32.01633162206547211781,	 0.00000000000000000000,	 0.00000000000000000000,	 -1.60081658110327373912,	 0.05000000000000000278,	 0.02051109545125771177,	 0.00000000000000000000,	 0.00000000000000000000
6.31620000000000025864,	 2.00000000000000000000,	 1.50000000000000000000,	 7.06858347057703451100, 320961.18530716805253177881,	 1.86844435675153053289,	 0.36844435675153053289,	 10.96756483479405552828,	 167.71661707778974914618,	 15.29205613134076102710,	 211518.93869379989337176085,	 211635.86218416193150915205,	 0.00000000000000000000,	 0.00000000000000000000,	 -32.73751466257729703102,	 0.00000000000000000000,	 0.00000000000000000000,	 -1.63687573312886502919,	 0.05000000000000000278,	 0.02097621236064038663,	 0.00000000000000000000,	 0.00000000000000000000
6.31730000000000035953,	 2.00000000000000000000,	 1.50000000000000000000,	 7.06858347057703451100, 320961.18530716805253177881,	 1.86900036185053153304,	 0.36900036185053153304,	 10.97409318471648553839,	 171.53872841801285176189,	 15.63124401539739061207,	 211850.33644706630730070174,	 211972.50434180075535550714,	 0.00000000000000000000,	 0.00000000000000000000,	 -33.45369928108651436105,	 0.00000000000000000000,	 0.00000000000000000000,	 -1.67268496405432576246,	 0.05000000000000000278,	 0.02143828904826005147,	 0.00000000000000000000,	 0.00000000000000000000
6.31840000000000046043,	 2.00000000000000000000,	 1.50000000000000000000,	 7.06858347057703451100, 320961.18530716805253177881,	 1.86956067460422103998,	 0.36956067460422103998,	 10.98067407811658213745,	 175.34212104963222600418,	 15.96824746843839548660,	 212182.78041671979008242488,	 212310.27288032643264159560,	 0.00000000000000000000,	 0.00000000000000000000,	 -34.16470550616136137023,	 0.00000000000000000000,	 0.00000000000000000000,	 -1.70823527530806806851,	 0.05000000000000000278,	 0.02189720803469432167,	 0.00000000000000000000,	 0.00000000000000000000
6.31950000000000056133,	 2.00000000000000000000,	 1.50000000000000000000,	 7.06858347057703451100, 320961.18530716805253177881,	 1.87012490032424261166,	 0.37012490032424261166,	 10.98730292276688480513,	 179.12581706358588462535,	 16.30298339116670192084,	 212516.09451295738108456135,	 212648.98814668369595892727,	 0.00000000000000000000,	 0.00000000000000000000,	 -34.87036269789272324715,	 0.00000000000000000000,	 0.00000000000000000000,	 -1.74351813489463625118,	 0.05000000000000000278,	 0.02235285761751459530,	 0.00000000000000000000,	 0.00000000000000000000
6.32060000000000066223,	 2.00000000000000000000,	 1.50000000000000000000,	 7.06858347057703451100, 320961.18530716805253177881,	 1.87069265673909956860,	 0.37069265673909956860,	 10.99397526709868166961,	 182.88892211106184504388,	 16.63537689214088644007,	 212850.10250353493029251695,	 212988.47038570672157220542,	 0.00000000000000000000,	 0.00000000000000000000,	 -35.57051840068451298293,	 0.00000000000000000000,	 0.00000000000000000000,	 -1.77852592003422560474,	 0.04999999999999999584,	 0.02280513755036808060,	 0.00000000000000000000,	 0.00000000000000000000
6.32169999999999987494,	 2.00000000000000000000,	 1.50000000000000000000,	 7.06858347057703451100, 320961.18530716805253177881,	 1.87126357209772975487,	 0.37126357209772975487,	 11.00068677803532679604,	 186.63064148667555741667,	 16.96536273165364505644,	 213184.62834165644017048180,	 213328.54010796474176459014,	 0.00000000000000000000,	 0.00000000000000000000,	 -36.26504140757698735342,	 0.00000000000000000000,	 0.00000000000000000000,	 -1.81325207037884927885,	 0.04999999999999999584,	 0.02325396101512080399,	 0.00000000000000000000,	 0.00000000000000000000
6.32279999999999997584,	 2.00000000000000000000,	 1.50000000000000000000,	 7.06858347057703451100, 320961.18530716805253177881,	 1.87183728390674453124,	 0.37183728390674453124,	 11.00743322625020503835,	 190.35026621324479378927,	 17.29288402670506741288,	 213519.49812788993585854769,	 213669.02004687045700848103,	 0.00000000000000000000,	 0.00000000000000000000,	 -36.95381895719650344745,	 0.00000000000000000000,	 0.00000000000000000000,	 -1.84769094785982535001,	 0.05000000000000000278,	 0.02369925283577960576,	 0.00000000000000000000,	 0.00000000000000000000
6.32390000000000007674,	 2.00000000000000000000,	 1.50000000000000000000,	 7.06858347057703451100, 320961.18530716805253177881,	 1.87241343849381158826,	 0.37241343849381158826,	 11.01421048112815981312,	 194.04713837194185543922,	 17.61788906289959300011,	 213854.54270238633034750819,	 214009.73770990263437852263,	 0.00000000000000000000,	 0.00000000000000000000,	 -37.63674987735956278811,	 0.00000000000000000000,	 0.00000000000000000000,	 -1.88183749386797805059,	 0.04999999999999999584,	 0.02414094509546437298,	 0.00000000000000000000,	 0.00000000000000000000
6.32500000000000017764,	 2.00000000000000000000,	 1.50000000000000000000,	 7.06858347057703451100, 320961.18530716805253177881,	 1.87299169129204545747,	 0.37299169129204545747,	 11.02101451421297362288,	 197.72060965636541141066,	 17.94032748994024117906,	 214189.59990712947910651565,	 214350.52758235263172537088,	 0.00000000000000000000,	 0.00000000000000000000,	 -38.31373641078882030797,	 0.00000000000000000000,	 0.00000000000000000000,	 -1.91568682053944128185,	 0.05000000000000000971,	 0.02457897190839659560,	 0.00000000000000000000,	 0.00000000000000000000
6.32610000000000027853,	 2.00000000000000000000,	 1.50000000000000000000,	 7.06858347057703451100, 320961.18530716805253177881,	 1.87357170757376256809,	 0.37357170757376256809,	 11.02784140796070033730,	 201.37000568769772712585,	 18.26014704403839061797,	 214524.51609112464939244092,	 214691.23257615961483679712,	 0.00000000000000000000,	 0.00000000000000000000,	 -38.98467717082451144961,	 0.00000000000000000000,	 0.00000000000000000000,	 -1.94923385854122566130,	 0.05000000000000000278,	 0.02501326491527912019,	 0.00000000000000000000,	 0.00000000000000000000
6.32720000000000037943,	 2.00000000000000000000,	 1.50000000000000000000,	 7.06858347057703451100, 320961.18530716805253177881,	 1.87415316336060322477,	 0.37415316336060322477,	 11.03468736659496585162,	 204.99460380291350247717,	 18.57729149839700610869,	 214859.14686638468992896378,	 215031.70474609290249645710,	 0.00000000000000000000,	 0.00000000000000000000,	 -39.64946272605698140978,	 0.00000000000000000000,	 0.00000000000000000000,	 -1.98247313630284915931,	 0.05000000000000000278,	 0.02544375046316760952,	 0.00000000000000000000,	 0.00000000000000000000
6.32830000000000048033,	 2.00000000000000000000,	 1.50000000000000000000,	 7.06858347057703451100, 320961.18530716805253177881,	 1.87473548153643010394,	 0.37473548153643010394,	 11.04154560786182415200,	 208.59358111826207959894,	 18.89170126415443462520,	 215191.41113168836454860866,	 215369.85932001538458280265,	 0.00000000000000000000,	 0.00000000000000000000,	 -40.30798253985534529420,	 0.00000000000000000000,	 0.00000000000000000000,	 -2.01539912699276735353,	 0.05000000000000000278,	 0.02587035224398502933,	 0.00000000000000000000,	 0.00000000000000000000
6.32940000000000058122,	 2.00000000000000000000,	 1.50000000000000000000,	 7.06858347057703451100, 320961.18530716805253177881,	 1.87531817670802047893,	 0.37531817670802047893,	 11.04841042185192989677,	 212.16593836484867097170,	 19.20329986522038723251,	 215523.55898988363333046436,	 215707.94235274041420780122,	 0.00000000000000000000,	 0.00000000000000000000,	 -40.96008902111817207015,	 0.00000000000000000000,	 0.00000000000000000000,	 -2.04800445105590878114,	 0.05000000000000000278,	 0.02629297049854749033,	 0.00000000000000000000,	 0.00000000000000000000
6.33050000000000068212,	 2.00000000000000000000,	 1.50000000000000000000,	 7.06858347057703451100, 320961.18530716805253177881,	 1.87590118825871909891,	 0.37590118825871909891,	 11.05528109823964477698,	 215.71143058774623568752,	 19.51207107905147708493,	 215855.48481075058225542307,	 216045.84526964757242240012,	 0.00000000000000000000,	 0.00000000000000000000,	 -41.60575450599998248435,	 0.00000000000000000000,	 0.00000000000000000000,	 -2.08028772529999894658,	 0.04999999999999999584,	 0.02671158521071907363,	 0.00000000000000000000,	 0.00000000000000000000
6.33159999999999989484,	 2.00000000000000000000,	 1.50000000000000000000,	 7.06858347057703451100, 320961.18530716805253177881,	 1.87648436003545393547,	 0.37648436003545393547,	 11.06215579941034654610,	 219.22960761480541691526,	 19.81798228031566466711,	 216186.87573252725997008383,	 216383.25194335871492512524,	 0.00000000000000000000,	 0.00000000000000000000,	 -42.24491864124298245997,	 0.00000000000000000000,	 0.00000000000000000000,	 -2.11224593206214894536,	 0.04999999999999999584,	 0.02712615464418521860,	 0.00000000000000000000,	 0.00000000000000000000
6.33269999999999999574,	 2.00000000000000000000,	 1.50000000000000000000,	 7.06858347057703451100, 320961.18530716805253177881,	 1.87706749278848428197,	 0.37706749278848428197,	 11.06903217718114440515,	 222.71967147875790260514,	 20.12097064257301681778,	 216517.52162485255394130945,	 216719.94835465220967307687,	 0.00000000000000000000,	 0.00000000000000000000,	 -42.87745799205597307946,	 0.00000000000000000000,	 0.00000000000000000000,	 -2.14387289960279892043,	 0.05000000000000000278,	 0.02753659614199951283,	 0.00000000000000000000,	 0.00000000000000000000
6.33380000000000009663,	 2.00000000000000000000,	 1.50000000000000000000,	 7.06858347057703451100, 320961.18530716805253177881,	 1.87765037077956153944,	 0.37765037077956153944,	 11.07590768592395136238,	 226.18055815422039245277,	 20.42095009889498058442,	 216847.27193653662106953561,	 217055.77953800739487633109,	 0.00000000000000000000,	 0.00000000000000000000,	 -43.50320041833267481479,	 0.00000000000000000000,	 0.00000000000000000000,	 -2.17516002091663374074,	 0.05000000000000000278,	 0.02794279550617127794,	 0.00000000000000000000,	 0.00000000000000000000
6.33490000000000019753,	 2.00000000000000000000,	 1.50000000000000000000,	 7.06858347057703451100, 320961.18530716805253177881,	 1.87823277672147637141,	 0.37823277672147637141,	 11.08277975857135544402,	 229.61107526134640011151,	 20.71782353012713784324,	 217176.01499543810496106744,	 217390.62910135084530338645,	 0.00000000000000000000,	 0.00000000000000000000,	 -44.12195077607122328800,	 0.00000000000000000000,	 0.00000000000000000000,	 -2.20609753880356151967,	 0.05000000000000000971,	 0.02834462359088620736,	 0.00000000000000000000,	 0.00000000000000000000
6.33600000000000029843,	 2.00000000000000000000,	 1.50000000000000000000,	 7.06858347057703451100, 320961.18530716805253177881,	 1.87881450059305654676,	 0.37881450059305654676,	 11.08964591065375415724,	 233.01002858975104459205,	 21.01149400684649037885,	 217503.66710895005962811410,	 217724.40854914992814883590,	 0.00000000000000000000,	 0.00000000000000000000,	 -44.73351467154232352641,	 0.00000000000000000000,	 0.00000000000000000000,	 -2.23667573357711635396,	 0.05000000000000000278,	 0.02874195162283719324,	 0.00000000000000000000,	 0.00000000000000000000
6.33710000000000039933,	 2.00000000000000000000,	 1.50000000000000000000,	 7.06858347057703451100, 320961.18530716805253177881,	 1.87939534498444671407,	 0.37939534498444671407,	 11.09650380356007381977,	 236.37630458744899897283,	 21.30187208259350839512,	 217830.16617978501017205417,	 218057.05105689659831114113,	 0.00000000000000000000,	 0.00000000000000000000,	 -45.33771383321116132947,	 0.00000000000000000000,	 0.00000000000000000000,	 -2.26688569166055842175,	 0.05000000000000000971,	 0.02913466112787646903,	 0.00000000000000000000,	 0.00000000000000000000
6.33820000000000050022,	 2.00000000000000000000,	 1.50000000000000000000,	 7.06858347057703451100, 320961.18530716805253177881,	 1.87997512826478252457,	 0.37997512826478252457,	 11.10335128219515254955,	 239.70890363904990749688,	 21.58887866796005994274,	 218155.46723599106189794838,	 218388.50707706101820804179,	 0.00000000000000000000,	 0.00000000000000000000,	 -45.93439209567969072623,	 0.00000000000000000000,	 0.00000000000000000000,	 -2.29671960478398462513,	 0.05000000000000000278,	 0.02952264781915779970,	 0.00000000000000000000,	 0.00000000000000000000
6.33930000000000060112,	 2.00000000000000000000,	 1.50000000000000000000,	 7.06858347057703451100, 320961.18530716805253177881,	 1.88055368621862095679,	 0.38055368621862095679,	 11.11018639461450518979,	 243.00693566739928996867,	 21.87244453299120294787,	 218479.53877613929216749966,	 218718.74069106369279325008,	 0.00000000000000000000,	 0.00000000000000000000,	 -46.52341423333012926378,	 0.00000000000000000000,	 0.00000000000000000000,	 -2.32617071166650646319,	 0.05000000000000000278,	 0.02990582088206857753,	 0.00000000000000000000,	 0.00000000000000000000
6.34040000000000070202,	 2.00000000000000000000,	 1.50000000000000000000,	 7.06858347057703451100, 320961.18530716805253177881,	 1.88113087255125721597,	 0.38113087255125721597,	 11.11700739832583018085,	 246.26959505492089874679,	 22.15250797548339889431,	 218802.35971103029442019761,	 219047.72651583221158944070,	 0.00000000000000000000,	 0.00000000000000000000,	 -47.10466092226613454841,	 0.00000000000000000000,	 0.00000000000000000000,	 -2.35523304611330663860,	 0.04999999999999999584,	 0.03028409976087788683,	 0.00000000000000000000,	 0.00000000000000000000
6.34149999999999991473,	 2.00000000000000000000,	 1.50000000000000000000,	 7.06858347057703451100, 320961.18530716805253177881,	 1.88170655861098889972,	 0.38170655861098889972,	 11.12381275734288088586,	 249.49612963754273664563,	 22.42901198357992598176,	 219123.91705806902609765530,	 219375.44734734881785698235,	 0.00000000000000000000,	 0.00000000000000000000,	 -47.67802265648954573862,	 0.00000000000000000000,	 0.00000000000000000000,	 -2.38390113282447746457,	 0.05000000000000000278,	 0.03065741026353368398,	 0.00000000000000000000,	 0.00000000000000000000
6.34260000000000001563,	 2.00000000000000000000,	 1.50000000000000000000,	 7.06858347057703451100, 320961.18530716805253177881,	 1.88228063267097778244,	 0.38228063267097778244,	 11.13060113402370276958,	 252.68581317323480561754,	 22.70190173294702518092,	 219444.20453440223354846239,	 219701.89270554843824356794,	 0.00000000000000000000,	 0.00000000000000000000,	 -48.24339439912903060304,	 0.00000000000000000000,	 0.00000000000000000000,	 -2.41216971995645179661,	 0.05000000000000000278,	 0.03102568113143501852,	 0.00000000000000000000,	 0.00000000000000000000
6.34370000000000011653,	 2.00000000000000000000,	 1.50000000000000000000,	 7.06858347057703451100, 320961.18530716805253177881,	 1.88285299907329983782,	 0.38285299907329983782,	 11.13737137926144704636,	 255.83792559521035059333,	 22.97112279757485708842,	 219763.22199592896504327655,	 220027.05823721960769034922,	 0.00000000000000000000,	 0.00000000000000000000,	 -48.80067176541292184311,	 0.00000000000000000000,	 0.00000000000000000000,	 -2.44003358827064609216,	 0.05000000000000000278,	 0.03138884158937613883,	 0.00000000000000000000,	 0.00000000000000000000
6.34480000000000021743,	 2.00000000000000000000,	 1.50000000000000000000,	 7.06858347057703451100, 320961.18530716805253177881,	 1.88342357744739374859,	 0.38342357744739374859,	 11.14412252353529630966,	 258.95174192953902547742,	 23.23662014507273099184,	 220080.97547209131880663335,	 220350.94572997451177798212,	 0.00000000000000000000,	 0.00000000000000000000,	 -49.34974887925179842796,	 0.00000000000000000000,	 0.00000000000000000000,	 -2.46748744396259001022,	 0.05000000000000000278,	 0.03174681996970991904,	 0.00000000000000000000,	 0.00000000000000000000
6.34590000000000031832,	 2.00000000000000000000,	 1.50000000000000000000,	 7.06858347057703451100, 320961.18530716805253177881,	 1.88399230210113688422,	 0.38399230210113688422,	 11.15085376998601240928,	 262.02652893192123428889,	 23.49833782568291340453,	 220397.47746203118003904819,	 220673.56340231615467928350,	 0.00000000000000000000,	 0.00000000000000000000,	 -49.89051770429468746215,	 0.00000000000000000000,	 0.00000000000000000000,	 -2.49452588521473428429,	 0.04999999999999999584,	 0.03209954328466892159,	 0.00000000000000000000,	 0.00000000000000000000
6.34700000000000041922,	 2.00000000000000000000,	 1.50000000000000000000,	 7.06858347057703451100, 320961.18530716805253177881,	 1.88455912158287919311,	 0.38455912158287919311,	 11.15756448950057766467,	 265.06154766199892947043,	 23.75621919204908039092,	 220712.74720067132147960365,	 220994.92617582165985368192,	 0.00000000000000000000,	 0.00000000000000000000,	 -50.42286850007815957042,	 0.00000000000000000000,	 0.00000000000000000000,	 -2.52114342500390797852,	 0.05000000000000000278,	 0.03244693752314101870,	 0.00000000000000000000,	 0.00000000000000000000
6.34810000000000052012,	 2.00000000000000000000,	 1.50000000000000000000,	 7.06858347057703451100, 320961.18530716805253177881,	 1.88512399835218258382,	 0.38512399835218258382,	 11.16425421707271148364,	 268.05605985349581033006,	 24.01020745690083657564,	 221026.81072293748729862273,	 221315.05575399918598122895,	 0.00000000000000000000,	 0.00000000000000000000,	 -50.94669099303504111731,	 0.00000000000000000000,	 0.00000000000000000000,	 -2.54733454965175232232,	 0.05000000000000000278,	 0.03278892840821481108,	 0.00000000000000000000,	 0.00000000000000000000
6.34920000000000062101,	 2.00000000000000000000,	 1.50000000000000000000,	 7.06858347057703451100, 320961.18530716805253177881,	 1.88568690848013353900,	 0.38568690848013353900,	 11.17092264850439597978,	 271.00933586364118355050,	 24.26024639065287047401,	 221339.70068310407805256546,	 221633.98046057167812250555,	 0.00000000000000000000,	 0.00000000000000000000,	 -51.46187584280714588658,	 0.00000000000000000000,	 0.00000000000000000000,	 -2.57309379214035738315,	 0.05000000000000000278,	 0.03312544234528528447,	 0.00000000000000000000,	 0.00000000000000000000
6.35030000000000072191,	 2.00000000000000000000,	 1.50000000000000000000,	 7.06858347057703451100, 320961.18530716805253177881,	 1.88624784131501144202,	 0.38624784131501144202,	 11.17756963668796466038,	 273.92066221457537267270,	 24.50628098218147599141,	 221651.45597574836574494839,	 221951.73487953719450160861,	 0.00000000000000000000,	 0.00000000000000000000,	 -51.96831603019196421656,	 0.00000000000000000000,	 0.00000000000000000000,	 -2.59841580150959838846,	 0.05000000000000000278,	 0.03345640731979552390,	 0.00000000000000000000,	 0.00000000000000000000
6.35139999999999993463,	 2.00000000000000000000,	 1.50000000000000000000,	 7.06858347057703451100, 320961.18530716805253177881,	 1.88680679907724524469,	 0.38680679907724524469,	 11.18419518704037152190,	 276.78934730291149435288,	 24.74825793666760276324,	 221962.12123838567640632391,	 222268.35937383558484725654,	 0.00000000000000000000,	 0.00000000000000000000,	 -52.46590790063061859883,	 0.00000000000000000000,	 0.00000000000000000000,	 -2.62329539503153075231,	 0.04999999999999999584,	 0.03378175357287748620,	 0.00000000000000000000,	 0.00000000000000000000
6.35250000000000003553,	 2.00000000000000000000,	 1.50000000000000000000,	 7.06858347057703451100, 320961.18530716805253177881,	 1.88736379637494433581,	 0.38736379637494433581,	 11.19079945198459213884,	 279.61472459410458668572,	 24.98612595050278883946,	 222271.74631614005193114281,	 222583.89956114723463542759,	 0.00000000000000000000,	 0.00000000000000000000,	 -52.95455173717665786626,	 0.00000000000000000000,	 0.00000000000000000000,	 -2.64772758685883280450,	 0.04999999999999999584,	 0.03410141397335583746,	 0.00000000000000000000,	 0.00000000000000000000
6.35360000000000013642,	 2.00000000000000000000,	 1.50000000000000000000,	 7.06858347057703451100, 320961.18530716805253177881,	 1.88791885964999361924,	 0.38791885964999361924,	 11.19738272459485450838,	 282.39615339166761032175,	 25.21983577210319182882,	 222580.38573660445399582386,	 222898.40579479039297439158,	 0.00000000000000000000,	 0.00000000000000000000,	 -53.43415188252055258999,	 0.00000000000000000000,	 0.00000000000000000000,	 -2.67170759412602798477,	 0.05000000000000000971,	 0.03441532409845457496,	 0.00000000000000000000,	 0.00000000000000000000
6.35470000000000023732,	 2.00000000000000000000,	 1.50000000000000000000,	 7.06858347057703451100, 320961.18530716805253177881,	 1.88847202657006474347,	 0.38847202657006474347,	 11.20394543158633560154,	 285.13301791380877148185,	 25.44934011459546852052,	 222888.09820561239030212164,	 223211.93266174657037481666,	 0.00000000000000000000,	 0.00000000000000000000,	 -53.90461655038184574096,	 0.00000000000000000000,	 0.00000000000000000000,	 -2.69523082751909237587,	 0.05000000000000000278,	 0.03472342211340060519,	 0.00000000000000000000,	 0.00000000000000000000
6.35580000000000033822,	 2.00000000000000000000,	 1.50000000000000000000,	 7.06858347057703451100, 320961.18530716805253177881,	 1.88902334537946914317,	 0.38902334537946914317,	 11.21048812580159115271,	 287.82472567420830955598,	 25.67459350960489672389,	 223194.94611699669621884823,	 223524.53849293841631151736,	 0.00000000000000000000,	 0.00000000000000000000,	 -54.36585751553504763933,	 0.00000000000000000000,	 0.00000000000000000000,	 -2.71829287577675282606,	 0.05000000000000000971,	 0.03502564857175780727,	 0.00000000000000000000,	 0.00000000000000000000
6.35690000000000043912,	 2.00000000000000000000,	 1.50000000000000000000,	 7.06858347057703451100, 320961.18530716805253177881,	 1.88957287421684805295,	 0.38957287421684805295,	 11.21701147828797928696,	 290.47070606584429697250,	 25.89555218233386568727,	 223500.99506287529948167503,	 223836.28487428929656744003,	 0.00000000000000000000,	 0.00000000000000000000,	 -54.81778985225224687383,	 0.00000000000000000000,	 0.00000000000000000000,	 -2.74088949261261261015,	 0.05000000000000000278,	 0.03532194624588178011,	 0.00000000000000000000,	 0.00000000000000000000
6.35800000000000054001,	 2.00000000000000000000,	 1.50000000000000000000,	 7.06858347057703451100, 320961.18530716805253177881,	 1.89012068040297331883,	 0.39012068040297331883,	 11.22351627000432472414,	 293.07040971316882860265,	 26.11217399812758444000,	 223806.31333394581452012062,	 224147.23614940006518736482,	 0.00000000000000000000,	 0.00000000000000000000,	 -55.26033182719416458895,	 0.00000000000000000000,	 0.00000000000000000000,	 -2.76301659135970867354,	 0.05000000000000000971,	 0.03561226005589146482,	 0.00000000000000000000,	 0.00000000000000000000
6.35910000000000064091,	 2.00000000000000000000,	 1.50000000000000000000,	 7.06858347057703451100, 320961.18530716805253177881,	 1.89066683970612969823,	 0.39066683970612969823,	 11.23000338324519908895,	 295.62330848296227259198,	 26.32441847025822312389,	 224110.97145846969215199351,	 224457.45896236834232695401,	 0.00000000000000000000,	 0.00000000000000000000,	 -55.69340492447603452320,	 0.00000000000000000000,	 0.00000000000000000000,	 -2.78467024622380199261,	 0.05000000000000000278,	 0.03589653708297931706,	 0.00000000000000000000,	 0.00000000000000000000
6.36020000000000074181,	 2.00000000000000000000,	 1.50000000000000000000,	 7.06858347057703451100, 320961.18530716805253177881,	 1.89121143558531024098,	 0.39121143558531024098,	 11.23647379278534863545,	 298.12889645742649236126,	 26.53224685566813789706,	 224415.04162616858957335353,	 224767.02168777363840490580,	 0.00000000000000000000,	 0.00000000000000000000,	 -56.11693405916123822408,	 0.00000000000000000000,	 0.00000000000000000000,	 -2.80584670295806226648,	 0.05000000000000000971,	 0.03617472670342116586,	 0.00000000000000000000,	 0.00000000000000000000
6.36129999999999995453,	 2.00000000000000000000,	 1.50000000000000000000,	 7.06858347057703451100, 320961.18530716805253177881,	 1.89175455839168726868,	 0.39175455839168726868,	 11.24292855651169631415,	 300.58669124496731228646,	 26.73562228329495837897,	 224718.59724853790248744190,	 225075.99399797539808787405,	 0.00000000000000000000,	 0.00000000000000000000,	 -56.53084786226131797093,	 0.00000000000000000000,	 0.00000000000000000000,	 -2.82654239311306598736,	 0.05000000000000000278,	 0.03644678076784964998,	 0.00000000000000000000,	 0.00000000000000000000
6.36240000000000005542,	 2.00000000000000000000,	 1.50000000000000000000,	 7.06858347057703451100, 320961.18530716805253177881,	 1.89229630467873244370,	 0.39229630467873244370,	 11.24936880733027955159,	 302.99623107073335859241,	 26.93450950539517307902,	 225021.71316165226744487882,	 225384.44706280037644319236,	 0.00000000000000000000,	 0.00000000000000000000,	 -56.93507816677371380365,	 0.00000000000000000000,	 0.00000000000000000000,	 -2.84675390833868569018,	 0.05000000000000000278,	 0.03671265326600792883,	 0.00000000000000000000,	 0.00000000000000000000
6.36350000000000015632,	 2.00000000000000000000,	 1.50000000000000000000,	 7.06858347057703451100, 320961.18530716805253177881,	 1.89283677665701821624,	 0.39283677665701821624,	 11.25579574677935035254,	 305.35707071189347061591,	 27.12887454441113632697,	 225324.46560897058225236833,	 225692.45352599376928992569,	 0.00000000000000000000,	 0.00000000000000000000,	 -57.32955927097751924748,	 0.00000000000000000000,	 0.00000000000000000000,	 -2.86647796354887596237,	 0.05000000000000000278,	 0.03697229984850484985,	 0.00000000000000000000,	 0.00000000000000000000
6.36460000000000025722,	 2.00000000000000000000,	 1.50000000000000000000,	 7.06858347057703451100, 320961.18530716805253177881,	 1.89337608160472181673,	 0.39337608160472181673,	 11.26221063810428368868,	 307.66878261665829086269,	 27.31868480382522434979,	 225626.93135039255139417946,	 226000.08662009792169556022,	 0.00000000000000000000,	 0.00000000000000000000,	 -57.71422818581589098130,	 0.00000000000000000000,	 0.00000000000000000000,	 -2.88571140929079472670,	 0.05000000000000000278,	 0.03722567798206671136,	 0.00000000000000000000,	 0.00000000000000000000
6.36570000000000035811,	 2.00000000000000000000,	 1.50000000000000000000,	 7.06858347057703451100, 320961.18530716805253177881,	 1.89391433099496109271,	 0.39391433099496109271,	 11.26861479595084070127,	 309.93096598229692517634,	 27.50390989437891064995,	 225929.18595965072745457292,	 226307.41848938979092054069,	 0.00000000000000000000,	 0.00000000000000000000,	 -58.08902640264584249508,	 0.00000000000000000000,	 0.00000000000000000000,	 -2.90445132013229212475,	 0.05000000000000000278,	 0.03747274808250646710,	 0.00000000000000000000,	 0.00000000000000000000
6.36680000000000045901,	 2.00000000000000000000,	 1.50000000000000000000,	 7.06858347057703451100, 320961.18530716805253177881,	 1.89445163926744775118,	 0.39445163926744775118,	 11.27500957180726359752,	 312.14325962061360542066,	 27.68452280529464459846,	 226231.30203193752095103264,	 226614.51843341597123071551,	 0.00000000000000000000,	 0.00000000000000000000,	 -58.45390239890161865333,	 0.00000000000000000000,	 0.00000000000000000000,	 -2.92269511994508102148,	 0.05000000000000000278,	 0.03771347512073629921,	 0.00000000000000000000,	 0.00000000000000000000
6.36790000000000055991,	 2.00000000000000000000,	 1.50000000000000000000,	 7.06858347057703451100, 320961.18530716805253177881,	 1.89498812237916181012,	 0.39498812237916181012,	 11.28139633679076503370,	 314.30535126889367347758,	 27.86050076477541637132,	 226533.34795294667128473520,	 226921.45170437870547175407,	 0.00000000000000000000,	 0.00000000000000000000,	 -58.80881349229037624582,	 0.00000000000000000000,	 0.00000000000000000000,	 -2.94044067461451907874,	 0.05000000000000000278,	 0.03794782980699020619,	 0.00000000000000000000,	 0.00000000000000000000
6.36900000000000066080,	 2.00000000000000000000,	 1.50000000000000000000,	 7.06858347057703451100, 320961.18530716805253177881,	 1.89552389636080231838,	 0.39552389636080231838,	 11.28777646447414895192,	 316.41697816716163060846,	 28.03182532565346818387,	 226835.38744566906825639307,	 227228.27906121304840780795,	 0.00000000000000000000,	 0.00000000000000000000,	 -59.15372605847173304028,	 0.00000000000000000000,	 0.00000000000000000000,	 -2.95768630292358691847,	 0.05000000000000000278,	 0.03817578871935837365,	 0.00000000000000000000,	 0.00000000000000000000
6.37009999999999987352,	 2.00000000000000000000,	 1.50000000000000000000,	 7.06858347057703451100, 320961.18530716805253177881,	 1.89605907606631074458,	 0.39605907606631074458,	 11.29415131598417332270,	 318.47791857941996340742,	 28.19848164498120013377,	 227137.47971509923809207976,	 227535.05689864041050896049,	 0.00000000000000000000,	 0.00000000000000000000,	 -59.48861404357426607703,	 0.00000000000000000000,	 0.00000000000000000000,	 -2.97443070217871330385,	 0.05000000000000000278,	 0.03839733333323175346,	 0.00000000000000000000,	 0.00000000000000000000
6.37119999999999997442,	 2.00000000000000000000,	 1.50000000000000000000,	 7.06858347057703451100, 320961.18530716805253177881,	 1.89659377419578034640,	 0.39659377419578034640,	 11.30052222833337971508,	 320.48797812623905656437,	 28.36045730016719446098,	 227439.67984465937479399145,	 227841.83761379666975699365,	 0.00000000000000000000,	 0.00000000000000000000,	 -59.81345649453685098251,	 0.00000000000000000000,	 0.00000000000000000000,	 -2.99067282472684281558,	 0.05000000000000000278,	 0.03861244841824219842,	 0.00000000000000000000,	 0.00000000000000000000
6.37230000000000007532,	 2.00000000000000000000,	 1.50000000000000000000,	 7.06858347057703451100, 320961.18530716805253177881,	 1.89712810057067327030,	 0.39712810057067327030,	 11.30689050574065390720,	 322.44697634212792536346,	 28.51774112240827463438,	 227742.03914642502786591649,	 228148.66992578736972063780,	 0.00000000000000000000,	 0.00000000000000000000,	 -60.12823512303650375088,	 0.00000000000000000000,	 0.00000000000000000000,	 -3.00641175615182509873,	 0.04999999999999999584,	 0.03882112045782581955,	 0.00000000000000000000,	 0.00000000000000000000
6.37340000000000017621,	 2.00000000000000000000,	 1.50000000000000000000,	 7.06858347057703451100, 320961.18530716805253177881,	 1.89766216158484435361,	 0.39766216158484435361,	 11.31325741303426823947,	 324.35473772974427220106,	 28.67032242685891674228,	 228044.60531505194376222789,	 228455.59900908195413649082,	 0.00000000000000000000,	 0.00000000000000000000,	 -60.43293270476493717069,	 0.00000000000000000000,	 0.00000000000000000000,	 -3.02164663523824694735,	 0.05000000000000000278,	 0.03902333660849883340,	 0.00000000000000000000,	 0.00000000000000000000
6.37450000000000027711,	 2.00000000000000000000,	 1.50000000000000000000,	 7.06858347057703451100, 320961.18530716805253177881,	 1.89819605974773875090,	 0.39819605974773875090,	 11.31962417014405808402,	 326.21108899990662166601,	 28.81819078943458833919,	 228347.42237219563685357571,	 228762.66643238376127555966,	 0.00000000000000000000,	 0.00000000000000000000,	 -60.72753263066911699752,	 0.00000000000000000000,	 0.00000000000000000000,	 -3.03637663153345593869,	 0.05000000000000000278,	 0.03921908440308147226,	 0.00000000000000000000,	 0.00000000000000000000
6.37560000000000037801,	 2.00000000000000000000,	 1.50000000000000000000,	 7.06858347057703451100, 320961.18530716805253177881,	 1.89872989325761798440,	 0.39872989325761798440,	 11.32599194694340560829,	 328.01586165986077503476,	 28.96133629588036484392,	 228650.53046045129303820431,	 229069.90996047283988445997,	 0.00000000000000000000,	 0.00000000000000000000,	 -61.01201945305007967590,	 0.00000000000000000000,	 0.00000000000000000000,	 -3.05060097265250407261,	 0.05000000000000000278,	 0.03940835209653373999,	 0.00000000000000000000,	 0.00000000000000000000
6.37670000000000047891,	 2.00000000000000000000,	 1.50000000000000000000,	 7.06858347057703451100, 320961.18530716805253177881,	 1.89926375557056359433,	 0.39926375557056359433,	 11.33236185803295725805,	 329.76889761983557036729,	 29.09975005661141267410,	 228953.96555664631887339056,	 229377.36328332495759241283,	 0.00000000000000000000,	 0.00000000000000000000,	 -61.28637999069164976618,	 0.00000000000000000000,	 0.00000000000000000000,	 -3.06431899953458275476,	 0.05000000000000000278,	 0.03959112937315958231,	 0.00000000000000000000,	 0.00000000000000000000
6.37780000000000057980,	 2.00000000000000000000,	 1.50000000000000000000,	 7.06858347057703451100, 320961.18530716805253177881,	 1.89979773495219950163,	 0.39979773495219950163,	 11.33873495730997937869,	 331.47005524924543351517,	 29.23342476010074619808,	 229257.75915362153318710625,	 229685.05571522377431392670,	 0.00000000000000000000,	 0.00000000000000000000,	 -61.55060451387742403995,	 0.00000000000000000000,	 0.00000000000000000000,	 -3.07753022569387146845,	 0.05000000000000000278,	 0.03976740810584312308,	 0.00000000000000000000,	 0.00000000000000000000
6.37890000000000068070,	 2.00000000000000000000,	 1.50000000000000000000,	 7.06858347057703451100, 320961.18530716805253177881,	 1.90033191401051126945,	 0.40033191401051126945,	 11.34511223230348520019,	 333.11921398953370498930,	 29.36235509782153485503,	 229561.93793625346734188497,	 229993.01188469876069575548,	 0.00000000000000000000,	 0.00000000000000000000,	 -61.80468765765120764399,	 0.00000000000000000000,	 0.00000000000000000000,	 -3.09023438288256047102,	 0.05000000000000000278,	 0.03993718294013561682,	 0.00000000000000000000,	 0.00000000000000000000
6.37999999999999989342,	 2.00000000000000000000,	 1.50000000000000000000,	 7.06858347057703451100, 320961.18530716805253177881,	 1.90086636921354079632,	 0.40086636921354079632,	 11.35149459831973395296,	 334.71627664821437520004,	 29.48653798397257830288,	 229866.52346770706935785711,	 230301.25142884720116853714,	 0.00000000000000000000,	 0.00000000000000000000,	 -62.04862890214057813409,	 0.00000000000000000000,	 0.00000000000000000000,	 -3.10243144510702917316,	 0.05000000000000000278,	 0.04010045159890693323,	 0.00000000000000000000,	 0.00000000000000000000
6.38109999999999999432,	 2.00000000000000000000,	 1.50000000000000000000,	 7.06858347057703451100, 320961.18530716805253177881,	 1.90140117039938982835,	 0.40140117039938982835,	 11.35788289248639948426,	 336.26116939968756014423,	 29.60597257277014193733,	 230171.53190231177723035216,	 230609.78870830158120952547,	 0.00000000000000000000,	 0.00000000000000000000,	 -62.28243262635923116477,	 0.00000000000000000000,	 0.00000000000000000000,	 -3.11412163131796138060,	 0.04999999999999999584,	 0.04025721491152693676,	 0.00000000000000000000,	 0.00000000000000000000
6.38220000000000009521,	 2.00000000000000000000,	 1.50000000000000000000,	 7.06858347057703451100, 320961.18530716805253177881,	 1.90193638028966516273,	 0.40193638028966516273,	 11.36427786782816262701,	 337.75384007246299233884,	 29.72066012470807550017,	 230476.97374392798519693315,	 230918.63256305220420472324,	 0.00000000000000000000,	 0.00000000000000000000,	 -62.50610784401025910029,	 0.00000000000000000000,	 0.00000000000000000000,	 -3.12530539220051339910,	 0.05000000000000000971,	 0.04040747663759678560,	 0.00000000000000000000,	 0.00000000000000000000
6.38330000000000019611,	 2.00000000000000000000,	 1.50000000000000000000,	 7.06858347057703451100, 320961.18530716805253177881,	 1.90247205402071495328,	 0.40247205402071495328,	 11.37068018754520615232,	 339.19425549135848996229,	 29.83060378946305490899,	 230782.85366651401272974908,	 231227.78612773597706109285,	 0.00000000000000000000,	 0.00000000000000000000,	 -62.71966776367322893293,	 0.00000000000000000000,	 0.00000000000000000000,	 -3.13598338818366162428,	 0.05000000000000000278,	 0.04055124317725781330,	 0.00000000000000000000,	 0.00000000000000000000
6.38440000000000029701,	 2.00000000000000000000,	 1.50000000000000000000,	 7.06858347057703451100, 320961.18530716805253177881,	 1.90300823870820590145,	 0.40300823870820590145,	 11.37709041968085621477,	 340.58239857198117306325,	 29.93580836650632903684,	 231089.17040535589330829680,	 231537.24671663399203680456,	 0.00000000000000000000,	 0.00000000000000000000,	 -62.92312930148374761075,	 0.00000000000000000000,	 0.00000000000000000000,	 -3.14615646507418755817,	 0.05000000000000000278,	 0.04068852325099526351,	 0.00000000000000000000,	 0.00000000000000000000
6.38550000000000039790,	 2.00000000000000000000,	 1.50000000000000000000,	 7.06858347057703451100, 320961.18530716805253177881,	 1.90354497305885916880,	 0.40354497305885916880,	 11.38350903234425359756,	 341.91826566526088981846,	 30.03628008672544069668,	 231395.91671631700592115521,	 231847.00577704110764898360,	 0.00000000000000000000,	 0.00000000000000000000,	 -63.11651263686049873058,	 0.00000000000000000000,	 0.00000000000000000000,	 -3.15582563184302511416,	 0.05000000000000000278,	 0.04081932760764336865,	 0.00000000000000000000,	 0.00000000000000000000
6.38660000000000049880,	 2.00000000000000000000,	 1.50000000000000000000,	 7.06858347057703451100, 320961.18530716805253177881,	 1.90408228703904702783,	 0.40408228703904702783,	 11.38993638960520371484,	 343.20186441510691111034,	 30.13202643768258326418,	 231703.07939321306184865534,	 232157.04890183365205302835,	 0.00000000000000000000,	 0.00000000000000000000,	 -63.29984085832664675308,	 0.00000000000000000000,	 0.00000000000000000000,	 -3.16499204291633251529,	 0.05000000000000000278,	 0.04094366879117961738,	 0.00000000000000000000,	 0.00000000000000000000
6.38770000000000059970,	 2.00000000000000000000,	 1.50000000000000000000,	 7.06858347057703451100, 320961.18530716805253177881,	 1.90462020160559997173,	 0.40462020160559997173,	 11.39637274812636391630,	 344.43321217953922541710,	 30.22305603650654859393,	 232010.63932933763135224581,	 232467.35588743054540827870,	 0.00000000000000000000,	 0.00000000000000000000,	 -63.47313970738823485362,	 0.00000000000000000000,	 0.00000000000000000000,	 -3.17365698536941209795,	 0.05000000000000000278,	 0.04106156097159825019,	 0.00000000000000000000,	 0.00000000000000000000
6.38880000000000070060,	 2.00000000000000000000,	 1.50000000000000000000,	 7.06858347057703451100, 320961.18530716805253177881,	 1.90515872849606338058,	 0.40515872849606338058,	 11.40281825450123065480,	 345.61233505069452576208,	 30.30937855334710917532,	 232318.57158910215366631746,	 232777.90080324720474891365,	 0.00000000000000000000,	 0.00000000000000000000,	 -63.63643742644665479702,	 0.00000000000000000000,	 0.00000000000000000000,	 -3.18182187132233318394,	 0.05000000000000000971,	 0.04117301984378532453,	 0.00000000000000000000,	 0.00000000000000000000
6.38989999999999991331,	 2.00000000000000000000,	 1.50000000000000000000,	 7.06858347057703451100, 320961.18530716805253177881,	 1.90569787007135338364,	 0.40569787007135338364,	 11.40927294321476104244,	 346.73926733329608396161,	 30.39100467304591290940,	 232626.84549011557828634977,	 233088.65207263414049521089,	 0.00000000000000000000,	 0.00000000000000000000,	 -63.78976468480390593641,	 0.00000000000000000000,	 0.00000000000000000000,	 -3.18948823424019556327,	 0.05000000000000000278,	 0.04127806257761690301,	 0.00000000000000000000,	 0.00000000000000000000
6.39100000000000001421,	 2.00000000000000000000,	 1.50000000000000000000,	 7.06858347057703451100, 320961.18530716805253177881,	 1.90623761920710088624,	 0.40623761920710088624,	 11.41573673518343312594,	 347.81405119779157075754,	 30.46794607007926458664,	 232935.42470281122950837016,	 233399.57257167584612034261,	 0.00000000000000000000,	 0.00000000000000000000,	 -63.93315453034107775920,	 0.00000000000000000000,	 0.00000000000000000000,	 -3.19665772651705415441,	 0.05000000000000000278,	 0.04137670778537929500,	 0.00000000000000000000,	 0.00000000000000000000
6.39210000000000011511,	 2.00000000000000000000,	 1.50000000000000000000,	 7.06858347057703451100, 320961.18530716805253177881,	 1.90677795923012971535,	 0.40677795923012971535,	 11.42220943683327227802,	 348.83673632648884677110,	 30.54021538088706222425,	 233244.26736110402271151543,	 233710.61973885950283147395,	 0.00000000000000000000,	 0.00000000000000000000,	 -64.06664233357892612730,	 0.00000000000000000000,	 0.00000000000000000000,	 -3.20333211667894612873,	 0.04999999999999999584,	 0.04146897548495098729,	 0.00000000000000000000,	 0.00000000000000000000
6.39320000000000021600,	 2.00000000000000000000,	 1.50000000000000000000,	 7.06858347057703451100, 320961.18530716805253177881,	 1.90731886389551963390,	 0.40731886389551963390,	 11.42869073966244464202,	 349.80737947629785367099,	 30.60782616702687164434,	 233553.32617940756608732045,	 234021.74569074303144589067,	 0.00000000000000000000,	 0.00000000000000000000,	 -64.19026571050267193641,	 0.00000000000000000000,	 0.00000000000000000000,	 -3.20951328552513359682,	 0.05000000000000000278,	 0.04155488704988393595,	 0.00000000000000000000,	 0.00000000000000000000
6.39430000000000031690,	 2.00000000000000000000,	 1.50000000000000000000,	 7.06858347057703451100, 320961.18530716805253177881,	 1.90786029739957241347,	 0.40786029739957241347,	 11.43518022023326352610,	 350.72604394738107203011,	 30.67079286838093210577,	 233862.54857731220545247197,	 234332.89734489977126941085,	 0.00000000000000000000,	 0.00000000000000000000,	 -64.30406442271575429004,	 0.00000000000000000000,	 0.00000000000000000000,	 -3.21520322113578771450,	 0.05000000000000000278,	 0.04163446514539474730,	 0.00000000000000000000,	 0.00000000000000000000
6.39540000000000041780,	 2.00000000000000000000,	 1.50000000000000000000,	 7.06858347057703451100, 320961.18530716805253177881,	 1.90840221442707402844,	 0.40840221442707402844,	 11.44167734057523411195,	 351.59279892414571122572,	 30.72913074355837892426,	 234171.87682172385393641889,	 234644.01655985121033154428,	 0.00000000000000000000,	 0.00000000000000000000,	 -64.40808024902371187181,	 0.00000000000000000000,	 0.00000000000000000000,	 -3.22040401245118568241,	 0.05000000000000000278,	 0.04170773364641593151,	 0.00000000000000000000,	 0.00000000000000000000
6.39650000000000051870,	 2.00000000000000000000,	 1.50000000000000000000,	 7.06858347057703451100, 320961.18530716805253177881,	 1.90894456023204783790,	 0.40894456023204783790,	 11.44818144899042700047,	 352.40771872998681146782,	 30.78285580117742981088,	 234481.24818417182541452348,	 234955.04028980986913666129,	 0.00000000000000000000,	 0.00000000000000000000,	 -64.50235683625200522329,	 0.00000000000000000000,	 0.00000000000000000000,	 -3.22511784181260052762,	 0.05000000000000000278,	 0.04177471754273377053,	 0.00000000000000000000,	 0.00000000000000000000
6.39760000000000061959,	 2.00000000000000000000,	 1.50000000000000000000,	 7.06858347057703451100, 320961.18530716805253177881,	 1.90948727075096980066,	 0.40948727075096980066,	 11.45469178124967868371,	 353.17088205681159251981,	 30.83198472742158102733,	 234790.59511300877784378827,	 235265.90075412477017380297,	 0.00000000000000000000,	 0.00000000000000000000,	 -64.58693954067757658777,	 0.00000000000000000000,	 0.00000000000000000000,	 -3.22934697703387874057,	 0.04999999999999999584,	 0.04183544283855744617,	 0.00000000000000000000,	 0.00000000000000000000
6.39870000000000072049,	 2.00000000000000000000,	 1.50000000000000000000,	 7.06858347057703451100, 320961.18530716805253177881,	 1.91003027274739789476,	 0.41003027274739789476,	 11.46120746216796959516,	 353.88237122408446566624,	 30.87653481469613581112,	 235099.84541941678617149591,	 235576.52562049834523350000,	 0.00000000000000000000,	 0.00000000000000000000,	 -64.66187527024514736240,	 0.00000000000000000000,	 0.00000000000000000000,	 -3.23309376351225719048,	 0.04999999999999999584,	 0.04188993645308725089,	 0.00000000000000000000,	 0.00000000000000000000
6.39979999999999993321,	 2.00000000000000000000,	 1.50000000000000000000,	 7.06858347057703451100, 320961.18530716805253177881,	 1.91057348398677873114,	 0.41057348398677873114,	 11.46772750754501046799,	 354.54227150547859537255,	 30.91652389474838003025,	 235408.92247582951677031815,	 235886.83820069680223241448,	 0.00000000000000000000,	 0.00000000000000000000,	 -64.72721233466532453349,	 0.00000000000000000000,	 0.00000000000000000000,	 -3.23636061673326613786,	 0.04999999999999999584,	 0.04193822612666151667,	 0.00000000000000000000,	 0.00000000000000000000
6.40090000000000003411,	 2.00000000000000000000,	 1.50000000000000000000,	 7.06858347057703451100, 320961.18530716805253177881,	 1.91111681344011818950,	 0.41111681344011818950,	 11.47425082645611382759,	 355.15067053315931389079,	 30.95197027716096727090,	 235717.74542669541551731527,	 236196.75765871454495936632,	 0.00000000000000000000,	 0.00000000000000000000,	 -64.78300030534643383362,	 0.00000000000000000000,	 0.00000000000000000000,	 -3.23915001526732204695,	 0.05000000000000000278,	 0.04198034033373112400,	 0.00000000000000000000,	 0.00000000000000000000
6.40200000000000013500,	 2.00000000000000000000,	 1.50000000000000000000,	 7.06858347057703451100, 320961.18530716805253177881,	 1.91166016151643125554,	 0.41166016151643125554,	 11.48077622389324226049,	 355.70765772300637763692,	 30.98289268827700126963,	 236026.22942037339089438319,	 236506.19924004003405570984,	 0.00000000000000000000,	 0.00000000000000000000,	 -64.82928987482736715720,	 0.00000000000000000000,	 0.00000000000000000000,	 -3.24146449374136835786,	 0.05000000000000000278,	 0.04201630819596181149,	 0.00000000000000000000,	 0.00000000000000000000
6.40310000000000023590,	 2.00000000000000000000,	 1.50000000000000000000,	 7.06858347057703451100, 320961.18530716805253177881,	 1.91220342051283997975,	 0.41220342051283997975,	 11.48730240602626295754,	 356.21331515731554873128,	 31.00930945897665935718,	 236334.28774226966197602451,	 236815.07637883094139397144,	 0.00000000000000000000,	 0.00000000000000000000,	 -64.86613113715731060438,	 0.00000000000000000000,	 0.00000000000000000000,	 -3.24330655685786561904,	 0.05000000000000000278,	 0.04204615837431400355,	 0.00000000000000000000,	 0.00000000000000000000
6.40420000000000033680,	 2.00000000000000000000,	 1.50000000000000000000,	 7.06858347057703451100, 320961.18530716805253177881,	 1.91274647572364919768,	 0.41274647572364919768,	 11.49382799339377747572,	 356.66770261906441419342,	 31.03123718434482114503,	 236641.83285468671238049865,	 237123.30169528225087560713,	 0.00000000000000000000,	 0.00000000000000000000,	 -64.89357074382746759511,	 0.00000000000000000000,	 0.00000000000000000000,	 -3.24467853719137355739,	 0.05000000000000000278,	 0.04206991723864567795,	 0.00000000000000000000,	 0.00000000000000000000
6.40530000000000043769,	 2.00000000000000000000,	 1.50000000000000000000,	 7.06858347057703451100, 320961.18530716805253177881,	 1.91328920541101576980,	 0.41328920541101576980,	 11.50035152043206920780,	 357.07088937750700097240,	 31.04869348933534212165,	 236948.77106726428610272706,	 237430.78175096164341084659,	 0.00000000000000000000,	 0.00000000000000000000,	 -64.91165768672260583116,	 0.00000000000000000000,	 0.00000000000000000000,	 -3.24558288433613073565,	 0.05000000000000000971,	 0.04208761261702218676,	 0.00000000000000000000,	 0.00000000000000000000
6.40640000000000053859,	 2.00000000000000000000,	 1.50000000000000000000,	 7.06858347057703451100, 320961.18530716805253177881,	 1.91383148026844307488,	 0.41383148026844307488,	 11.50687142890574499177,	 357.42296970186947646653,	 31.06169838693147511322,	 237255.00354692628025077283,	 237737.41810026663006283343,	 0.00000000000000000000,	 0.00000000000000000000,	 -64.92044614622938070170,	 0.00000000000000000000,	 0.00000000000000000000,	 -3.24602230731146912390,	 0.05000000000000000278,	 0.04209927563961356201,	 0.00000000000000000000,	 0.00000000000000000000
6.40750000000000063949,	 2.00000000000000000000,	 1.50000000000000000000,	 7.06858347057703451100, 320961.18530716805253177881,	 1.91437316347952068973,	 0.41437316347952068973,	 11.51338606848841372710,	 357.72405536289960537033,	 31.07027361324859882075,	 237560.42807965396787039936,	 238043.10903085503377951682,	 0.00000000000000000000,	 0.00000000000000000000,	 -64.91999408678708505249,	 0.00000000000000000000,	 0.00000000000000000000,	 -3.24599970433935469671,	 0.05000000000000000971,	 0.04210493983278588981,	 0.00000000000000000000,	 0.00000000000000000000
6.40860000000000074039,	 2.00000000000000000000,	 1.50000000000000000000,	 7.06858347057703451100, 320961.18530716805253177881,	 1.91491411107810316494,	 0.41491411107810316494,	 11.51989370097287412875,	 357.97426469519194824898,	 31.07444165608580632920,	 237864.93981876038014888763,	 238347.75028087911778129637,	 0.00000000000000000000,	 0.00000000000000000000,	 -64.91036120380518070760,	 0.00000000000000000000,	 0.00000000000000000000,	 -3.24551806019025956829,	 0.05000000000000000971,	 0.04210463979513558858,	 0.00000000000000000000,	 0.00000000000000000000
6.40969999999999995310,	 2.00000000000000000000,	 1.50000000000000000000,	 7.06858347057703451100, 320961.18530716805253177881,	 1.91545417238944137850,	 0.41545417238944137850,	 11.52639250546455151891,	 358.17371333856902992920,	 31.07422492933173430174,	 238168.43167661680490709841,	 238651.23540409616543911397,	 0.00000000000000000000,	 0.00000000000000000000,	 -64.89160717547851220388,	 0.00000000000000000000,	 0.00000000000000000000,	 -3.24458035877392614310,	 0.05000000000000000971,	 0.04209841007121771506,	 0.00000000000000000000,	 0.00000000000000000000
6.41080000000000005400,	 2.00000000000000000000,	 1.50000000000000000000,	 7.06858347057703451100, 320961.18530716805253177881,	 1.91599319051159011629,	 0.41599319051159011629,	 11.53288058407066429822,	 358.32250771615565554384,	 31.06964518570273270370,	 238470.79475069048930890858,	 238953.45617667320766486228,	 0.00000000000000000000,	 0.00000000000000000000,	 -64.86379041338203421674,	 0.00000000000000000000,	 0.00000000000000000000,	 -3.24318952066910171084,	 0.05000000000000000278,	 0.04208628434850123640,	 0.00000000000000000000,	 0.00000000000000000000
6.41190000000000015490,	 2.00000000000000000000,	 1.50000000000000000000,	 7.06858347057703451100, 320961.18530716805253177881,	 1.91653100284817545784,	 0.41653100284817545784,	 11.53935596821962050740,	 358.42074165781031069855,	 31.06072320196481229004,	 238771.91879716605762951076,	 239254.30306008059415034950,	 0.00000000000000000000,	 0.00000000000000000000,	 -64.82696738180632678450,	 0.00000000000000000000,	 0.00000000000000000000,	 -3.24134836909031687213,	 0.05000000000000000971,	 0.04206829502337838811,	 0.00000000000000000000,	 0.00000000000000000000
6.41300000000000025580,	 2.00000000000000000000,	 1.50000000000000000000,	 7.06858347057703451100, 320961.18530716805253177881,	 1.91706744168240761361,	 0.41706744168240761361,	 11.54581662549028919784,	 358.46849628237805518438,	 31.04747874576223765075,	 239071.69264513219241052866,	 239553.66561336646554991603,	 0.00000000000000000000,	 0.00000000000000000000,	 -64.78119250414090402046,	 0.00000000000000000000,	 0.00000000000000000000,	 -3.23905962520704493457,	 0.04999999999999999584,	 0.04204447314834583449,	 0.00000000000000000000,	 0.00000000000000000000
6.41410000000000035669,	 2.00000000000000000000,	 1.50000000000000000000,	 7.06858347057703451100, 320961.18530716805253177881,	 1.91760233474432961742,	 0.41760233474432961742,	 11.55226046637365833192,	 358.46584321204983325515,	 31.02993083089434378508,	 239370.00437512408825568855,	 239851.43267880912753753364,	 0.00000000000000000000,	 0.00000000000000000000,	 -64.72651867110187140497,	 0.00000000000000000000,	 0.00000000000000000000,	 -3.23632593355509357025,	 0.05000000000000000278,	 0.04201484876979127286,	 0.00000000000000000000,	 0.00000000000000000000
6.41520000000000045759,	 2.00000000000000000000,	 1.50000000000000000000,	 7.06858347057703451100, 320961.18530716805253177881,	 1.91813550568960211606,	 0.41813550568960211606,	 11.55868534998227126209,	 358.41285092529130906769,	 31.00809824586504959143,	 239666.74116843607043847442,	 240147.49224684867658652365,	 0.00000000000000000000,	 0.00000000000000000000,	 -64.66299832079302234433,	 0.00000000000000000000,	 0.00000000000000000000,	 -3.23314991603965085076,	 0.04999999999999999584,	 0.04197945163637145649,	 0.00000000000000000000,	 0.00000000000000000000
6.41630000000000055849,	 2.00000000000000000000,	 1.50000000000000000000,	 7.06858347057703451100, 320961.18530716805253177881,	 1.91866677443001232284,	 0.41866677443001232284,	 11.56508908798425494524,	 358.30959263973841188999,	 30.98200021753487476417,	 239961.78896299819462001324,	 240441.73113173784804530442,	 0.00000000000000000000,	 0.00000000000000000000,	 -64.59068480349090179971,	 0.00000000000000000000,	 0.00000000000000000000,	 -3.22953424017454526762,	 0.05000000000000000278,	 0.04193831209125737508,	 0.00000000000000000000,	 0.00000000000000000000
6.41740000000000065938,	 2.00000000000000000000,	 1.50000000000000000000,	 7.06858347057703451100, 320961.18530716805253177881,	 1.91919595732425340984,	 0.41919595732425340984,	 11.57146944686169653949,	 358.15615288430944929132,	 30.95165696362315799206,	 240255.03217302655684761703,	 240734.03470742344507016242,	 0.00000000000000000000,	 0.00000000000000000000,	 -64.50963351710268511852,	 0.00000000000000000000,	 0.00000000000000000000,	 -3.22548167585513434474,	 0.05000000000000000278,	 0.04189146181469487890,	 0.00000000000000000000,	 0.00000000000000000000
6.41849999999999987210,	 2.00000000000000000000,	 1.50000000000000000000,	 7.06858347057703451100, 320961.18530716805253177881,	 1.91972286730122254639,	 0.41972286730122254639,	 11.57782414936158055241,	 357.95263012486958587033,	 30.91708990454891647914,	 240546.35367557167774066329,	 241024.28689965466037392616,	 0.00000000000000000000,	 0.00000000000000000000,	 -64.41990233311678082373,	 0.00000000000000000000,	 0.00000000000000000000,	 -3.22099511665583948528,	 0.05000000000000000971,	 0.04183893410565536070,	 0.00000000000000000000,	 0.00000000000000000000
6.41959999999999997300,	 2.00000000000000000000,	 1.50000000000000000000,	 7.06858347057703451100, 320961.18530716805253177881,	 1.92024731401031600875,	 0.42024731401031600875,	 11.58415087627776252077,	 357.69913442461302111042,	 30.87832144495941477658,	 240835.63511800774722360075,	 241312.37048563687130808830,	 0.00000000000000000000,	 0.00000000000000000000,	 -64.32155112452045386817,	 0.00000000000000000000,	 0.00000000000000000000,	 -3.21607755622602287104,	 0.05000000000000000278,	 0.04178076358069509472,	 0.00000000000000000000,	 0.00000000000000000000
6.42070000000000007390,	 2.00000000000000000000,	 1.50000000000000000000,	 7.06858347057703451100, 320961.18530716805253177881,	 1.92076910407088741195,	 0.42076910407088741195,	 11.59044726943561975929,	 357.39578119378944620621,	 30.83537441529573541743,	 241122.75746170862112194300,	 241598.16761937434785068035,	 0.00000000000000000000,	 0.00000000000000000000,	 -64.21464058317701528722,	 0.00000000000000000000,	 0.00000000000000000000,	 -3.21073202915885103081,	 0.05000000000000000278,	 0.04171698541204137828,	 0.00000000000000000000,	 0.00000000000000000000
6.42180000000000017479,	 2.00000000000000000000,	 1.50000000000000000000,	 7.06858347057703451100, 320961.18530716805253177881,	 1.92128804145602161135,	 0.42128804145602161135,	 11.59671093630610272385,	 357.04268318210267807444,	 30.78827135927830482842,	 241407.60167685803025960922,	 241881.56050350429723039269,	 0.00000000000000000000,	 0.00000000000000000000,	 -64.09923071388263338122,	 0.00000000000000000000,	 0.00000000000000000000,	 -3.20496153569413166906,	 0.05000000000000000278,	 0.04164763435642331729,	 0.00000000000000000000,	 0.00000000000000000000
6.42290000000000027569,	 2.00000000000000000000,	 1.50000000000000000000,	 7.06858347057703451100, 320961.18530716805253177881,	 1.92180392801221056054,	 0.42180392801221056054,	 11.60293945627139677867,	 356.63994320783172042866,	 30.73703388282937254417,	 241690.04944585682824254036,	 242162.43207181393518112600,	 0.00000000000000000000,	 0.00000000000000000000,	 -63.97537945428546635185,	 0.00000000000000000000,	 0.00000000000000000000,	 -3.19876897271427340641,	 0.05000000000000000278,	 0.04157274386633733054,	 0.00000000000000000000,	 0.00000000000000000000
6.42400000000000037659,	 2.00000000000000000000,	 1.50000000000000000000,	 7.06858347057703451100, 320961.18530716805253177881,	 1.92231656407123141506,	 0.42231656407123141506,	 11.60913038801746388629,	 356.18764995269856399318,	 30.68168226625681782593,	 241969.98372609593207016587,	 242440.66653943969868123531,	 0.00000000000000000000,	 0.00000000000000000000,	 -63.84314184189678087478,	 0.00000000000000000000,	 0.00000000000000000000,	 -3.19215709209483922137,	 0.05000000000000000278,	 0.04149234555709608446,	 0.00000000000000000000,	 0.00000000000000000000
6.42510000000000047748,	 2.00000000000000000000,	 1.50000000000000000000,	 7.06858347057703451100, 320961.18530716805253177881,	 1.92282574909631476245,	 0.42282574909631476245,	 11.61528127735568816092,	 355.68587763780533350655,	 30.62223541079670496856,	 242247.28915094883996061981,	 242716.14980172595824114978,	 0.00000000000000000000,	 0.00000000000000000000,	 -63.70256987704366480330,	 0.00000000000000000000,	 0.00000000000000000000,	 -3.18512849385218332898,	 0.05000000000000000278,	 0.04140646912610417008,	 0.00000000000000000000,	 0.00000000000000000000
6.42620000000000057838,	 2.00000000000000000000,	 1.50000000000000000000,	 7.06858347057703451100, 320961.18530716805253177881,	 1.92333128231907202199,	 0.42333128231907202199,	 11.62138966494814873442,	 355.13468883787618324277,	 30.55871105578841095962,	 242521.85230953057180158794,	 242988.76972022614791058004,	 0.00000000000000000000,	 0.00000000000000000000,	 -63.55371294942387550009,	 0.00000000000000000000,	 0.00000000000000000000,	 -3.17768564747119430791,	 0.05000000000000000971,	 0.04131514263826616823,	 0.00000000000000000000,	 0.00000000000000000000
6.42730000000000067928,	 2.00000000000000000000,	 1.50000000000000000000,	 7.06858347057703451100, 320961.18530716805253177881,	 1.92383296334185005527,	 0.42383296334185005527,	 11.62745309362985679513,	 354.53413892594147682757,	 30.49112613665793247719,	 242793.56194354634499177337,	 243258.41633008714416064322,	 0.00000000000000000000,	 0.00000000000000000000,	 -63.39661855817759317233,	 0.00000000000000000000,	 0.00000000000000000000,	 -3.16983092790888010271,	 0.05000000000000000971,	 0.04121839300197803480,	 0.00000000000000000000,	 0.00000000000000000000
6.42839999999999989200,	 2.00000000000000000000,	 1.50000000000000000000,	 7.06858347057703451100, 320961.18530716805253177881,	 1.92433059269146777837,	 0.42433059269146777837,	 11.63346911515708725915,	 353.88428067147344791010,	 30.41949715673396781312,	 243062.30907996755558997393,	 243524.98198360181413590908,	 0.00000000000000000000,	 0.00000000000000000000,	 -63.23133306151453325583,	 0.00000000000000000000,	 0.00000000000000000000,	 -3.16156665307572648516,	 0.04999999999999999584,	 0.04111624646406889655,	 0.00000000000000000000,	 0.00000000000000000000
6.42949999999999999289,	 2.00000000000000000000,	 1.50000000000000000000,	 7.06858347057703451100, 320961.18530716805253177881,	 1.92482397231565771634,	 0.42482397231565771634,	 11.63943529627542794458,	 353.18516799783361648224,	 30.34384048776416520354,	 243327.98710813632351346314,	 243788.36143590975552797318,	 0.00000000000000000000,	 0.00000000000000000000,	 -63.05790227925940172327,	 0.00000000000000000000,	 0.00000000000000000000,	 -3.15289511396297017498,	 0.05000000000000000278,	 0.04100872900873062804,	 0.00000000000000000000,	 0.00000000000000000000
6.43060000000000009379,	 2.00000000000000000000,	 1.50000000000000000000,	 7.06858347057703451100, 320961.18530716805253177881,	 1.92531290601755311620,	 0.42531290601755311620,	 11.64534922404970096466,	 352.43685847163692415052,	 30.26417256287966139894,	 243590.49181384741677902639,	 244048.45188430530834011734,	 0.00000000000000000000,	 0.00000000000000000000,	 -62.87637187345326594823,	 0.00000000000000000000,	 0.00000000000000000000,	 -3.14381859367266347505,	 0.05000000000000000278,	 0.04089586661159611003,	 0.00000000000000000000,	 0.00000000000000000000
6.43170000000000019469,	 2.00000000000000000000,	 1.50000000000000000000,	 7.06858347057703451100, 320961.18530716805253177881,	 1.92579719982988839533,	 0.42579719982988839533,	 11.65120851047414873847,	 351.63941448939499423432,	 30.18050995939861991246,	 243849.72139994526514783502,	 244305.15299064994906075299,	 0.00000000000000000000,	 0.00000000000000000000,	 -62.68678750195411453205,	 0.00000000000000000000,	 0.00000000000000000000,	 -3.13433937509770599306,	 0.05000000000000000278,	 0.04077768534555991503,	 0.00000000000000000000,	 0.00000000000000000000
6.43280000000000029559,	 2.00000000000000000000,	 1.50000000000000000000,	 7.06858347057703451100, 320961.18530716805253177881,	 1.92627666234000427536,	 0.42627666234000427536,	 11.65701079649564242402,	 350.79290333326372319789,	 30.09286938626838292521,	 244105.57652320375200361013,	 244558.36691715326742269099,	 0.00000000000000000000,	 0.00000000000000000000,	 -62.48919477581612369477,	 0.00000000000000000000,	 0.00000000000000000000,	 -3.12445973879080618474,	 0.05000000000000000278,	 0.04065421135835105282,	 0.00000000000000000000,	 0.00000000000000000000
6.43390000000000039648,	 2.00000000000000000000,	 1.50000000000000000000,	 7.06858347057703451100, 320961.18530716805253177881,	 1.92675110497266888210,	 0.42675110497266888210,	 11.66275375553335891254,	 349.89739675226644521899,	 30.00126763254850104090,	 244357.96030535077443346381,	 244807.99833513068733736873,	 0.00000000000000000000,	 0.00000000000000000000,	 -62.28363913765410586620,	 0.00000000000000000000,	 0.00000000000000000000,	 -3.11418195688270538213,	 0.05000000000000000278,	 0.04052547079808325320,	 0.00000000000000000000,	 0.00000000000000000000
6.43500000000000049738,	 2.00000000000000000000,	 1.50000000000000000000,	 7.06858347057703451100, 320961.18530716805253177881,	 1.92722034222173510543,	 0.42722034222173510543,	 11.66843509638501430459,	 348.95297094840213958378,	 29.90572155271368615104,	 244606.77827166655333712697,	 245053.95436246076133102179,	 0.00000000000000000000,	 0.00000000000000000000,	 -62.07016581868956706103,	 0.00000000000000000000,	 0.00000000000000000000,	 -3.10350829093447844187,	 0.05000000000000000278,	 0.04039148978926786204,	 0.00000000000000000000,	 0.00000000000000000000
6.43610000000000059828,	 2.00000000000000000000,	 1.50000000000000000000,	 7.06858347057703451100, 320961.18530716805253177881,	 1.92768419182246586452,	 0.42768419182246586452,	 11.67405256541938207704,	 347.95970723663037915685,	 29.80624811193234435791,	 244851.93825489678420126438,	 245296.14446815181872807443,	 0.00000000000000000000,	 0.00000000000000000000,	 -61.84881992263058947401,	 0.00000000000000000000,	 0.00000000000000000000,	 -3.09244099613153000661,	 0.05000000000000000971,	 0.04025229449059463532,	 0.00000000000000000000,	 0.00000000000000000000
6.43720000000000069917,	 2.00000000000000000000,	 1.50000000000000000000,	 7.06858347057703451100, 320961.18530716805253177881,	 1.92814247487759127253,	 0.42814247487759127253,	 11.67960394821190206471,	 346.91769282434711385577,	 29.70286444322957919439,	 245093.35035371207050047815,	 245534.48043177850195206702,	 0.00000000000000000000,	 0.00000000000000000000,	 -61.61964653595481422599,	 0.00000000000000000000,	 0.00000000000000000000,	 -3.08098232679774097775,	 0.05000000000000000278,	 0.04010791116932753420,	 0.00000000000000000000,	 0.00000000000000000000
6.43829999999999991189,	 2.00000000000000000000,	 1.50000000000000000000,	 7.06858347057703451100, 320961.18530716805253177881,	 1.92859501596994253880,	 0.42859501596994253880,	 11.68508707102013310930,	 345.82702089583324323030,	 29.59558784576876888650,	 245330.92700964427785947919,	 245768.87641961258486844599,	 0.00000000000000000000,	 0.00000000000000000000,	 -61.38269071671192023132,	 0.00000000000000000000,	 0.00000000000000000000,	 -3.06913453583559636684,	 0.05000000000000000278,	 0.03995836619641021659,	 0.00000000000000000000,	 0.00000000000000000000
6.43940000000000001279,	 2.00000000000000000000,	 1.50000000000000000000,	 7.06858347057703451100, 320961.18530716805253177881,	 1.92904164329797311872,	 0.42904164329797311872,	 11.69049980253877407677,	 344.68778956467423313370,	 29.48443568595928709897,	 245564.58320634413394145668,	 245999.24918020385666750371,	 0.00000000000000000000,	 0.00000000000000000000,	 -61.13799728149241730080,	 0.00000000000000000000,	 0.00000000000000000000,	 -3.05689986407462077622,	 0.04999999999999999584,	 0.03980368591027731717,	 0.00000000000000000000,	 0.00000000000000000000
6.44050000000000011369,	 2.00000000000000000000,	 1.50000000000000000000,	 7.06858347057703451100, 320961.18530716805253177881,	 1.92948218885760769403,	 0.42948218885760769403,	 11.69584005621854494450,	 343.50009991411189957944,	 29.36942521982222231713,	 245794.23674398724688217044,	 246225.51831285862135700881,	 0.00000000000000000000,	 0.00000000000000000000,	 -60.88561042838344405936,	 0.00000000000000000000,	 0.00000000000000000000,	 -3.04428052141917238060,	 0.05000000000000000278,	 0.03964389637412468054,	 0.00000000000000000000,	 0.00000000000000000000
6.44160000000000021458,	 2.00000000000000000000,	 1.50000000000000000000,	 7.06858347057703451100, 320961.18530716805253177881,	 1.92991648867357934449,	 0.42991648867357934449,	 11.70110579318797583426,	 342.26405385028328964836,	 29.25057339875850814792,	 246019.80852152497391216457,	 246447.60654360306216403842,	 0.00000000000000000000,	 0.00000000000000000000,	 -60.62557332491057593415,	 0.00000000000000000000,	 0.00000000000000000000,	 -3.03127866624552888553,	 0.05000000000000000278,	 0.03947902311057770175,	 0.00000000000000000000,	 0.00000000000000000000
6.44270000000000031548,	 2.00000000000000000000,	 1.50000000000000000000,	 7.06858347057703451100, 320961.18530716805253177881,	 1.93034438306583622236,	 0.43034438306583622236,	 11.70629502560380963416,	 340.97975259061246333658,	 29.12789672947993580010,	 246241.22277212780318222940,	 246665.43995606942917220294,	 0.00000000000000000000,	 0.00000000000000000000,	 -60.35792780813143565410,	 0.00000000000000000000,	 0.00000000000000000000,	 -3.01789639040657187152,	 0.05000000000000000278,	 0.03930909090942676792,	 0.00000000000000000000,	 0.00000000000000000000
6.44380000000000041638,	 2.00000000000000000000,	 1.50000000000000000000,	 7.06858347057703451100, 320961.18530716805253177881,	 1.93076571692812293257,	 0.43076571692812293257,	 11.71140582015263298388,	 339.64729631547294275151,	 29.00141123374088536480,	 246458.40722444691346026957,	 246878.94815122117870487273,	 0.00000000000000000000,	 0.00000000000000000000,	 -60.08271429199098179197,	 0.00000000000000000000,	 0.00000000000000000000,	 -3.00413571459954908960,	 0.05000000000000000278,	 0.03913412377019560157,	 0.00000000000000000000,	 0.00000000000000000000
6.44490000000000051728,	 2.00000000000000000000,	 1.50000000000000000000,	 7.06858347057703451100, 320961.18530716805253177881,	 1.93118033999493143860,	 0.43118033999493143860,	 11.71643630141467795625,	 338.26678508848829096678,	 28.87113251728641571958,	 246671.29318106925347819924,	 247088.06432748460792936385,	 0.00000000000000000000,	 0.00000000000000000000,	 -59.79997190187258837568,	 0.00000000000000000000,	 0.00000000000000000000,	 -2.98999859509362941878,	 0.05000000000000000278,	 0.03895414499238765427,	 0.00000000000000000000,	 0.00000000000000000000
6.44600000000000061817,	 2.00000000000000000000,	 1.50000000000000000000,	 7.06858347057703451100, 320961.18530716805253177881,	 1.93158810707689632125,	 0.43158810707689632125,	 11.72138465484740521561,	 336.83832076201258587389,	 28.73707592410699973584,	 246879.81552289702813141048,	 247292.72528923096251673996,	 0.00000000000000000000,	 0.00000000000000000000,	 -59.50973878710669140446,	 0.00000000000000000000,	 0.00000000000000000000,	 -2.97548693935533492549,	 0.05000000000000000278,	 0.03876917738124364965,	 0.00000000000000000000,	 0.00000000000000000000
6.44710000000000071907,	 2.00000000000000000000,	 1.50000000000000000000,	 7.06858347057703451100, 320961.18530716805253177881,	 1.93198887825256648831,	 0.43198887825256648831,	 11.72624912924141682424,	 335.36200932015236730876,	 28.59925672940629937102,	 247083.91266220368561334908,	 247492.87140494093182496727,	 0.00000000000000000000,	 0.00000000000000000000,	 -59.21205251507158351387,	 0.00000000000000000000,	 0.00000000000000000000,	 -2.96060262575357935333,	 0.05000000000000000278,	 0.03857924350619147680,	 0.00000000000000000000,	 0.00000000000000000000
6.44819999999999993179,	 2.00000000000000000000,	 1.50000000000000000000,	 7.06858347057703451100, 320961.18530716805253177881,	 1.93238251901282298562,	 0.43238251901282298562,	 11.73102803860226472921,	 333.83796308160447097180,	 28.45769032203087078869,	 247283.52646710633416660130,	 247688.44653633862617425621,	 0.00000000000000000000,	 0.00000000000000000000,	 -58.90695044492281340354,	 0.00000000000000000000,	 0.00000000000000000000,	 -2.94534752224614093663,	 0.05000000000000000278,	 0.03838436594555311165,	 0.00000000000000000000,	 0.00000000000000000000
6.44930000000000003268,	 2.00000000000000000000,	 1.50000000000000000000,	 7.06858347057703451100, 320961.18530716805253177881,	 1.93276890036002857443,	 0.43276890036002857443,	 11.73571976348230272436,	 332.26630235654522493860,	 28.31239234175040664354,	 247478.60217351670144125819,	 247879.39795357329421676695,	 0.00000000000000000000,	 0.00000000000000000000,	 -58.59447000927318072172,	 0.00000000000000000000,	 0.00000000000000000000,	 -2.92972350046365948018,	 0.05000000000000000971,	 0.03818456747081375863,	 0.00000000000000000000,	 0.00000000000000000000
6.45040000000000013358,	 2.00000000000000000000,	 1.50000000000000000000,	 7.06858347057703451100, 320961.18530716805253177881,	 1.93314789886701876576,	 0.43314789886701876576,	 11.74032275182369744471,	 330.64715640410230435009,	 28.16337875828335413075,	 247669.08829413531930185854,	 248065.67624567658640444279,	 0.00000000000000000000,	 0.00000000000000000000,	 -58.27464887666251769360,	 0.00000000000000000000,	 0.00000000000000000000,	 -2.91373244383312623995,	 0.05000000000000000278,	 0.03797987115276641595,	 0.00000000000000000000,	 0.00000000000000000000
6.45150000000000023448,	 2.00000000000000000000,	 1.50000000000000000000,	 7.06858347057703451100, 320961.18530716805253177881,	 1.93351939670218908596,	 0.43351939670218908596,	 11.74483551938756242805,	 328.98066375943665207160,	 28.01066589790705307905,	 247854.93652987788664177060,	 248247.23523189997649751604,	 0.00000000000000000000,	 0.00000000000000000000,	 -57.94752500684926843633,	 0.00000000000000000000,	 0.00000000000000000000,	 -2.89737625034246359945,	 0.05000000000000000278,	 0.03777030039739032174,	 0.00000000000000000000,	 0.00000000000000000000
6.45260000000000033538,	 2.00000000000000000000,	 1.50000000000000000000,	 7.06858347057703451100, 320961.18530716805253177881,	 1.93388328162721778725,	 0.43388328162721778725,	 11.74925664984798423518,	 327.26697212456815577752,	 27.85427043410464875706,	 248036.10168790543684735894,	 248424.03187861354672349989,	 0.00000000000000000000,	 0.00000000000000000000,	 -57.61313663287345576691,	 0.00000000000000000000,	 0.00000000000000000000,	 -2.88065683164367269953,	 0.04999999999999999584,	 0.03755587893362008489,	 0.00000000000000000000,	 0.00000000000000000000
6.45370000000000043627,	 2.00000000000000000000,	 1.50000000000000000000,	 7.06858347057703451100, 320961.18530716805253177881,	 1.93423944697352978572,	 0.43423944697352978572,	 11.75358479462452798714,	 325.50623805986492698139,	 27.69420936229892760139,	 248212.54160603490890935063,	 248596.02622213633731007576,	 0.00000000000000000000,	 0.00000000000000000000,	 -57.27152221123721886897,	 0.00000000000000000000,	 0.00000000000000000000,	 -2.86357611056186112108,	 0.05000000000000000278,	 0.03733663077999880425,	 0.00000000000000000000,	 0.00000000000000000000
6.45480000000000053717,	 2.00000000000000000000,	 1.50000000000000000000,	 7.06858347057703451100, 320961.18530716805253177881,	 1.93458779160246163720,	 0.43458779160246163720,	 11.75781867251308732136,	 323.69862666909955351002,	 27.53049997495096690159,	 248384.21708577143726870418,	 248763.18130020683747716248,	 0.00000000000000000000,	 0.00000000000000000000,	 -56.92272037372229220864,	 0.00000000000000000000,	 0.00000000000000000000,	 -2.84613601868611487689,	 0.05000000000000000278,	 0.03711258021211403385,	 0.00000000000000000000,	 0.00000000000000000000
6.45590000000000063807,	 2.00000000000000000000,	 1.50000000000000000000,	 7.06858347057703451100, 320961.18530716805253177881,	 1.93492821986113017196,	 0.43492821986113017196,	 11.76195706926056416819,	 321.84431110463492586860,	 27.36315982191118578726,	 248551.09188546478981152177,	 248925.46314318451914004982,	 0.00000000000000000000,	 0.00000000000000000000,	 -56.56676984921961093278,	 0.00000000000000000000,	 0.00000000000000000000,	 -2.82833849246098045782,	 0.04999999999999999584,	 0.03688375171032130112,	 0.00000000000000000000,	 0.00000000000000000000
6.45700000000000073896,	 2.00000000000000000000,	 1.50000000000000000000,	 7.06858347057703451100, 320961.18530716805253177881,	 1.93526064154925547811,	 0.43526064154925547811,	 11.76599883726877138201,	 319.94347182627416259493,	 27.19220664996617387033,	 248713.13276397500885650516,	 249082.84081522224005311728,	 0.00000000000000000000,	 0.00000000000000000000,	 -56.20370934262932394176,	 0.00000000000000000000,	 0.00000000000000000000,	 -2.81018546713146655236,	 0.05000000000000000971,	 0.03665016987945405452,	 0.00000000000000000000,	 0.00000000000000000000
6.45809999999999995168,	 2.00000000000000000000,	 1.50000000000000000000,	 7.06858347057703451100, 320961.18530716805253177881,	 1.93558497190937539578,	 0.43558497190937539578,	 11.76994289557884343367,	 317.99629593711074448947,	 27.01765834875546090643,	 248870.30945274821715429425,	 249235.28638407326070591807,	 0.00000000000000000000,	 0.00000000000000000000,	 -55.83357742668077605686,	 0.00000000000000000000,	 0.00000000000000000000,	 -2.79167887133403880284,	 0.05000000000000000278,	 0.03641185937704249226,	 0.00000000000000000000,	 0.00000000000000000000
6.45920000000000005258,	 2.00000000000000000000,	 1.50000000000000000000,	 7.06858347057703451100, 320961.18530716805253177881,	 1.93590113145331699229,	 0.43590113145331699229,	 11.77378822786019618718,	 316.00298299296935056191,	 26.83953345153726033345,	 249022.59355249267537146807,	 249382.77383044076850637794,	 0.00000000000000000000,	 0.00000000000000000000,	 -55.45641358531221953854,	 0.00000000000000000000,	 0.00000000000000000000,	 -2.77282067926561115456,	 0.05000000000000000278,	 0.03616884559091752827,	 0.00000000000000000000,	 0.00000000000000000000
6.46030000000000015348,	 2.00000000000000000000,	 1.50000000000000000000,	 7.06858347057703451100, 320961.18530716805253177881,	 1.93620871472849520600,	 0.43620871472849520600,	 11.77752985286159592704,	 313.96371926990235579069,	 26.65785807315261024542,	 249166.49875223130220547318,	 249521.81945075548719614744,	 0.00000000000000000000,	 0.00000000000000000000,	 -55.07228197119379586866,	 0.00000000000000000000,	 0.00000000000000000000,	 -2.75361409855968997107,	 0.05000000000000000278,	 0.03592116706155186467,	 0.00000000000000000000,	 0.00000000000000000000
6.46140000000000025437,	 2.00000000000000000000,	 1.50000000000000000000,	 7.06858347057703451100, 320961.18530716805253177881,	 1.93650672285654112947,	 0.43650672285654112947,	 11.78115556707313160700,	 311.87972737244695053960,	 26.47276199663402351803,	 249304.62905170430894941092,	 249655.03261556953657418489,	 0.00000000000000000000,	 0.00000000000000000000,	 -54.68147708278348062549,	 0.00000000000000000000,	 0.00000000000000000000,	 -2.73407385413917403127,	 0.05000000000000000278,	 0.03566900729812950283,	 0.00000000000000000000,	 0.00000000000000000000
6.46250000000000035527,	 2.00000000000000000000,	 1.50000000000000000000,	 7.06858347057703451100, 320961.18530716805253177881,	 1.93679563143370070399,	 0.43679563143370070399,	 11.78467110435506626231,	 309.75026886129097647427,	 26.28416746792548863709,	 249439.00400683804764412344,	 249784.43273657903773710132,	 0.00000000000000000000,	 0.00000000000000000000,	 -54.28382229150073357005,	 0.00000000000000000000,	 0.00000000000000000000,	 -2.71419111457503703377,	 0.05000000000000000971,	 0.03541225633517394722,	 0.00000000000000000000,	 0.00000000000000000000
6.46360000000000045617,	 2.00000000000000000000,	 1.50000000000000000000,	 7.06858347057703451100, 320961.18530716805253177881,	 1.93707567642080968895,	 0.43707567642080968895,	 11.78807928703351137756,	 307.57431440822807644508,	 26.09197876252405379205,	 249568.66096285259118303657,	 249909.05664072459330782294,	 0.00000000000000000000,	 0.00000000000000000000,	 -53.87911082696563624950,	 0.00000000000000000000,	 0.00000000000000000000,	 -2.69395554134828207893,	 0.05000000000000000278,	 0.03515078226782192977,	 0.00000000000000000000,	 0.00000000000000000000
6.46470000000000055707,	 2.00000000000000000000,	 1.50000000000000000000,	 7.06858347057703451100, 320961.18530716805253177881,	 1.93734690212094085027,	 0.43734690212094085027,	 11.79138060760846151709,	 305.35157417396635537443,	 25.89616808543491188743,	 249693.52841271299985237420,	 250028.83417346753412857652,	 0.00000000000000000000,	 0.00000000000000000000,	 -53.46728158407702835575,	 0.00000000000000000000,	 0.00000000000000000000,	 -2.67336407920385132897,	 0.04999999999999999584,	 0.03488454646271693660,	 0.00000000000000000000,	 0.00000000000000000000
6.46580000000000065796,	 2.00000000000000000000,	 1.50000000000000000000,	 7.06858347057703451100, 320961.18530716805253177881,	 1.93760937308457115158,	 0.43760937308457115158,	 11.79457580685210515981,	 303.08240693428513168328,	 25.69676196054530592505,	 249813.56580979505088180304,	 250143.72759742350899614394,	 0.00000000000000000000,	 0.00000000000000000000,	 -53.04838491700198233048,	 0.00000000000000000000,	 0.00000000000000000000,	 -2.65241924585009902771,	 0.04999999999999999584,	 0.03461358323235021184,	 0.00000000000000000000,	 0.00000000000000000000
6.46689999999999987068,	 2.00000000000000000000,	 1.50000000000000000000,	 7.06858347057703451100, 320961.18530716805253177881,	 1.93786311312917280958,	 0.43786311312917280958,	 11.79766513145114359418,	 300.76754381934676985111,	 25.49381936748967447670,	 249928.69395323703065514565,	 250253.66136620813631452620,	 0.00000000000000000000,	 0.00000000000000000000,	 -52.62253911489840874083,	 0.00000000000000000000,	 0.00000000000000000000,	 -2.63112695574492061468,	 0.05000000000000000278,	 0.03433797091061574491,	 0.00000000000000000000,	 0.00000000000000000000
6.46799999999999997158,	 2.00000000000000000000,	 1.50000000000000000000,	 7.06858347057703451100, 320961.18530716805253177881,	 1.93810813001864445937,	 0.43810813001864445937,	 11.80064863419139342682,	 298.40781506048870141967,	 25.28740786297771592217,	 250038.88389147771522402763,	 250358.61038969201035797596,	 0.00000000000000000000,	 0.00000000000000000000,	 -52.18988037109044597628,	 0.00000000000000000000,	 0.00000000000000000000,	 -2.60949401855452256527,	 0.05000000000000000278,	 0.03405779944827880962,	 0.00000000000000000000,	 0.00000000000000000000
6.46910000000000007248,	 2.00000000000000000000,	 1.50000000000000000000,	 7.06858347057703451100, 320961.18530716805253177881,	 1.93834442408404861169,	 0.43834442408404861169,	 11.80352627881731564230,	 296.00398237394909983777,	 25.07758913581272253168,	 250144.11372972920071333647,	 250458.55646816152147948742,	 0.00000000000000000000,	 0.00000000000000000000,	 -51.75053272106264756758,	 0.00000000000000000000,	 0.00000000000000000000,	 -2.58752663605313282247,	 0.05000000000000000971,	 0.03377315087671022009,	 0.00000000000000000000,	 0.00000000000000000000
6.47020000000000017337,	 2.00000000000000000000,	 1.50000000000000000000,	 7.06858347057703451100, 320961.18530716805253177881,	 1.93857198911228656435,	 0.43857198911228656435,	 11.80629795079905441924,	 293.55667230817431345713,	 24.86441334375322043115,	 250244.35724717544508166611,	 250553.47677263995865359902,	 0.00000000000000000000,	 0.00000000000000000000,	 -51.30459633874966129952,	 0.00000000000000000000,	 0.00000000000000000000,	 -2.56522981693748342025,	 0.05000000000000000971,	 0.03348409167549539628,	 0.00000000000000000000,	 0.00000000000000000000
6.47130000000000027427,	 2.00000000000000000000,	 1.50000000000000000000,	 7.06858347057703451100, 320961.18530716805253177881,	 1.93879081249974438705,	 0.43879081249974438705,	 11.80896345915892275968,	 291.06636511765555042075,	 24.64791817878877111525,	 250339.58832480461569502950,	 250643.34826007875381037593,	 0.00000000000000000000,	 0.00000000000000000000,	 -50.85214561546106182277,	 0.00000000000000000000,	 0.00000000000000000000,	 -2.54260728077305353523,	 0.05000000000000000971,	 0.03319067151617295652,	 0.00000000000000000000,	 0.00000000000000000000
6.47240000000000037517,	 2.00000000000000000000,	 1.50000000000000000000,	 7.06858347057703451100, 320961.18530716805253177881,	 1.93900087823097777573,	 0.43900087823097777573,	 11.81152257272228034424,	 288.53336788183639782801,	 24.42812652690348329543,	 250429.79079689472564496100,	 250728.15747970194206573069,	 0.00000000000000000000,	 0.00000000000000000000,	 -50.39322426545812305676,	 0.00000000000000000000,	 0.00000000000000000000,	 -2.51966121327290615284,	 0.05000000000000000278,	 0.03289292008930904537,	 0.00000000000000000000,	 0.00000000000000000000
6.47350000000000047606,	 2.00000000000000000000,	 1.50000000000000000000,	 7.06858347057703451100, 320961.18530716805253177881,	 1.93920216789371191446,	 0.43920216789371191446,	 11.81397503247000457804,	 285.95792440368796860639,	 24.20505575961940891716,	 250514.94382298275013454258,	 250807.88618514587869867682,	 0.00000000000000000000,	 0.00000000000000000000,	 -49.92786448028784462849,	 0.00000000000000000000,	 0.00000000000000000000,	 -2.49639322401439223142,	 0.05000000000000000278,	 0.03259085961137986320,	 0.00000000000000000000,	 0.00000000000000000000
6.47460000000000057696,	 2.00000000000000000000,	 1.50000000000000000000,	 7.06858347057703451100, 320961.18530716805253177881,	 1.93939466032946450369,	 0.43939466032946450369,	 11.81632054727546154993,	 283.34033952808209733121,	 23.97872826777816612775,	 250595.02816058509051799774,	 250882.51786525506759062409,	 0.00000000000000000000,	 0.00000000000000000000,	 -49.45610866785548154212,	 0.00000000000000000000,	 0.00000000000000000000,	 -2.47280543339277425474,	 0.05000000000000000278,	 0.03228451901156344228,	 0.00000000000000000000,	 0.00000000000000000000
6.47570000000000067786,	 2.00000000000000000000,	 1.50000000000000000000,	 7.06858347057703451100, 320961.18530716805253177881,	 1.93957833383000011196,	 0.43957833383000011196,	 11.81855882066640717198,	 280.68097076273960510662,	 23.74917069177077522113,	 250670.03376878696144558489,	 250952.04532306038890965283,	 0.00000000000000000000,	 0.00000000000000000000,	 -48.97800780208620352596,	 0.00000000000000000000,	 0.00000000000000000000,	 -2.44890039010431026512,	 0.05000000000000000278,	 0.03197393287488206615,	 0.00000000000000000000,	 0.00000000000000000000
6.47679999999999989058,	 2.00000000000000000000,	 1.50000000000000000000,	 7.06858347057703451100, 320961.18530716805253177881,	 1.93975316895925553595,	 0.43975316895925553595,	 11.82068958522683566059,	 277.98017125319381648296,	 23.51640902579876524214,	 250739.96008867857744917274,	 251016.47083541291067376733,	 0.00000000000000000000,	 0.00000000000000000000,	 -48.49361125346917589241,	 0.00000000000000000000,	 0.00000000000000000000,	 -2.42468056267345888344,	 0.05000000000000000278,	 0.03165913482717225974,	 0.00000000000000000000,	 0.00000000000000000000
6.47789999999999999147,	 2.00000000000000000000,	 1.50000000000000000000,	 7.06858347057703451100, 320961.18530716805253177881,	 1.93991915009861415342,	 0.43991915009861415342,	 11.82271262145601653515,	 275.23826642470373826654,	 23.28046661010753837218,	 250804.81145241536432877183,	 251075.80151520753861404955,	 0.00000000000000000000,	 0.00000000000000000000,	 -48.00296261609478420951,	 0.00000000000000000000,	 0.00000000000000000000,	 -2.40014813080473921048,	 0.05000000000000000278,	 0.03134015482143717723,	 0.00000000000000000000,	 0.00000000000000000000
6.47900000000000009237,	 2.00000000000000000000,	 1.50000000000000000000,	 7.06858347057703451100, 320961.18530716805253177881,	 1.94007626593381510283,	 0.44007626593381510283,	 11.82462776373347956849,	 272.45555963738468108204,	 23.04136460625126758828,	 250864.59862592248828150332,	 251130.05086738159297965467,	 0.00000000000000000000,	 0.00000000000000000000,	 -47.50610068447137734893,	 0.00000000000000000000,	 0.00000000000000000000,	 -2.37530503422356931154,	 0.05000000000000000971,	 0.03101701977661960874,	 0.00000000000000000000,	 0.00000000000000000000
6.48010000000000019327,	 2.00000000000000000000,	 1.50000000000000000000,	 7.06858347057703451100, 320961.18530716805253177881,	 1.94022451115408189892,	 0.44022451115408189892,	 11.82643492106151050791,	 269.63231450398848210170,	 22.79912047068424385543,	 250919.33188449378940276802,	 251179.23183161218184977770,	 0.00000000000000000000,	 0.00000000000000000000,	 -47.00305627439557554226,	 0.00000000000000000000,	 0.00000000000000000000,	 -2.35015281371977913238,	 0.05000000000000000971,	 0.03068975151238376511,	 0.00000000000000000000,	 0.00000000000000000000
6.48120000000000029416,	 2.00000000000000000000,	 1.50000000000000000000,	 7.06858347057703451100, 320961.18530716805253177881,	 1.94036388383830504800,	 0.44036388383830504800,	 11.82813404523091271869,	 266.76885579958525340771,	 22.55375655868104445290,	 250969.03071547715808264911,	 251223.36668293128605000675,	 0.00000000000000000000,	 0.00000000000000000000,	 -46.49387003445276889124,	 0.00000000000000000000,	 0.00000000000000000000,	 -2.32469350172263844456,	 0.05000000000000000278,	 0.03035837835480027433,	 0.00000000000000000000,	 0.00000000000000000000
6.48230000000000039506,	 2.00000000000000000000,	 1.50000000000000000000,	 7.06858347057703451100, 320961.18530716805253177881,	 1.94049439102415721692,	 0.44049439102415721692,	 11.82972519873926131595,	 263.86541013642619191160,	 22.30528653062433974696,	 251013.72712756897090002894,	 251262.49003117560641840100,	 0.00000000000000000000,	 0.00000000000000000000,	 -45.97856429536395950208,	 0.00000000000000000000,	 0.00000000000000000000,	 -2.29892821476819797510,	 0.05000000000000000278,	 0.03002291679693120177,	 0.00000000000000000000,	 0.00000000000000000000
6.48340000000000049596,	 2.00000000000000000000,	 1.50000000000000000000,	 7.06858347057703451100, 320961.18530716805253177881,	 1.94061604570336632136,	 0.44061604570336632136,	 11.83120851818879692985,	 260.92225704315012535517,	 22.05372820891621898909,	 251053.44178956054383888841,	 251296.62525351691874675453,	 0.00000000000000000000,	 0.00000000000000000000,	 -45.45716966062281017003,	 0.00000000000000000000,	 0.00000000000000000000,	 -2.27285848303114068614,	 0.05000000000000000278,	 0.02968338883306639517,	 0.00000000000000000000,	 0.00000000000000000000
6.48450000000000059686,	 2.00000000000000000000,	 1.50000000000000000000,	 7.06858347057703451100, 320961.18530716805253177881,	 1.94072899178470881232,	 0.44072899178470881232,	 11.83258573809728986248,	 257.94155141135837538968,	 21.79925479693469370090,	 251089.31125919011537916958,	 251326.91501404094742611051,	 0.00000000000000000000,	 0.00000000000000000000,	 -44.93003379495647209296,	 0.00000000000000000000,	 0.00000000000000000000,	 -2.24650168974782360465,	 0.05000000000000000278,	 0.02934002454482687386,	 0.00000000000000000000,	 0.00000000000000000000
6.48560000000000069775,	 2.00000000000000000000,	 1.50000000000000000000,	 7.06858347057703451100, 320961.18530716805253177881,	 1.94083355206030772067,	 0.44083355206030772067,	 11.83386077625021570725,	 254.92424700616700761202,	 21.54193393231254560760,	 251120.87957913058926351368,	 251352.90703790265251882374,	 0.00000000000000000000,	 0.00000000000000000000,	 -44.39728262002587655388,	 0.00000000000000000000,	 0.00000000000000000000,	 -2.21986413100129409415,	 0.05000000000000000278,	 0.02899291057063368635,	 0.00000000000000000000,	 0.00000000000000000000
6.48669999999999991047,	 2.00000000000000000000,	 1.50000000000000000000,	 7.06858347057703451100, 320961.18530716805253177881,	 1.94092992072570980078,	 0.44092992072570980078,	 11.83503598437763137952,	 251.86873340922505803974,	 21.28161956936120446926,	 251152.42315846745623275638,	 251378.87682421496720053256,	 0.00000000000000000000,	 0.00000000000000000000,	 -43.85860476900484172802,	 0.00000000000000000000,	 0.00000000000000000000,	 -2.19293023845024226404,	 0.05000000000000000278,	 0.02864184696969094071,	 0.00000000000000000000,	 0.00000000000000000000
6.48780000000000001137,	 2.00000000000000000000,	 1.50000000000000000000,	 7.06858347057703451100, 320961.18530716805253177881,	 1.94102041323797469552,	 0.44102041323797469552,	 11.83613958641280383688,	 248.76094207085859011386,	 21.01706728403419788265,	 251181.78437800219398923218,	 251402.64293661300325766206,	 0.00000000000000000000,	 0.00000000000000000000,	 -43.31137816108570604001,	 0.00000000000000000000,	 0.00000000000000000000,	 -2.16556890805428547964,	 0.05000000000000000278,	 0.02828514016888109689,	 0.00000000000000000000,	 0.00000000000000000000
6.48890000000000011227,	 2.00000000000000000000,	 1.50000000000000000000,	 7.06858347057703451100, 320961.18530716805253177881,	 1.94110322648242838994,	 0.44110322648242838994,	 11.83714958097448644025,	 245.60305642133729975285,	 20.74849648061287510359,	 251202.32671631846460513771,	 251417.57676942145917564631,	 0.00000000000000000000,	 0.00000000000000000000,	 -42.75609086120015689403,	 0.00000000000000000000,	 0.00000000000000000000,	 -2.13780454306000811115,	 0.05000000000000000278,	 0.02792309718020712789,	 0.00000000000000000000,	 0.00000000000000000000
6.49000000000000021316,	 2.00000000000000000000,	 1.50000000000000000000,	 7.06858347057703451100, 320961.18530716805253177881,	 1.94117779921686239852,	 0.44117779921686239852,	 11.83805911072676231299,	 242.39786059673795648450,	 20.47614886270462974949,	 251216.55549927538959309459,	 251426.19183539922232739627,	 0.00000000000000000000,	 0.00000000000000000000,	 -42.19324756540159171436,	 0.00000000000000000000,	 0.00000000000000000000,	 -2.10966237827007985217,	 0.05000000000000000971,	 0.02755604545199197286,	 0.00000000000000000000,	 0.00000000000000000000
6.49110000000000031406,	 2.00000000000000000000,	 1.50000000000000000000,	 7.06858347057703451100, 320961.18530716805253177881,	 1.94124363473782413081,	 0.44124363473782413081,	 11.83886210569735730758,	 239.14876045867612219809,	 20.20031640909033754383,	 251224.28548079685424454510,	 251428.31187231052899733186,	 0.00000000000000000000,	 0.00000000000000000000,	 -41.62345425914249830157,	 0.00000000000000000000,	 0.00000000000000000000,	 -2.08117271295712491508,	 0.05000000000000000278,	 0.02718437933718243979,	 0.00000000000000000000,	 0.00000000000000000000
6.49220000000000041496,	 2.00000000000000000000,	 1.50000000000000000000,	 7.06858347057703451100, 320961.18530716805253177881,	 1.94130143576553737539,	 0.44130143576553737539,	 11.83956712651185050333,	 235.86252702409146309037,	 19.92154987625639606108,	 251236.84923367752344347537,	 251435.28330841360730119050,	 0.00000000000000000000,	 0.00000000000000000000,	 -41.04782391694979537533,	 0.00000000000000000000,	 0.00000000000000000000,	 -2.05239119584748985758,	 0.05000000000000000278,	 0.02680883286996255457,	 0.00000000000000000000,	 0.00000000000000000000
6.49330000000000051585,	 2.00000000000000000000,	 1.50000000000000000000,	 7.06858347057703451100, 320961.18530716805253177881,	 1.94135402362788256347,	 0.44135402362788256347,	 11.84020857863035125490,	 232.55356517943246785762,	 19.64100240591654866762,	 251246.92240437259897589684,	 251439.80689212720608338714,	 0.00000000000000000000,	 0.00000000000000000000,	 -40.46866705787675755346,	 0.00000000000000000000,	 0.00000000000000000000,	 -2.02343335289383796649,	 0.05000000000000000278,	 0.02643093646995695045,	 0.00000000000000000000,	 0.00000000000000000000
6.49440000000000061675,	 2.00000000000000000000,	 1.50000000000000000000,	 7.06858347057703451100, 320961.18530716805253177881,	 1.94139981872874867186,	 0.44139981872874867186,	 11.84076718868793065553,	 229.22616761515342886923,	 19.35906381422180899676,	 251248.72128755820449441671,	 251436.10796343974652700126,	 0.00000000000000000000,	 0.00000000000000000000,	 -39.88681492078917045774,	 0.00000000000000000000,	 0.00000000000000000000,	 -1.99434074603945865611,	 0.05000000000000000278,	 0.02605122387693489111,	 0.00000000000000000000,	 0.00000000000000000000
6.49550000000000071765,	 2.00000000000000000000,	 1.50000000000000000000,	 7.06858347057703451100, 320961.18530716805253177881,	 1.94143802940899190546,	 0.44143802940899190546,	 11.84123329383229084044,	 225.87831584872310486389,	 19.07557348493215698682,	 251244.55487024836475029588,	 251426.49362213787389919162,	 0.00000000000000000000,	 0.00000000000000000000,	 -39.30194669306874288850,	 0.00000000000000000000,	 0.00000000000000000000,	 -1.96509733465343727765,	 0.05000000000000000278,	 0.02566948225725509958,	 0.00000000000000000000,	 0.00000000000000000000
6.49659999999999993037,	 2.00000000000000000000,	 1.50000000000000000000,	 7.06858347057703451100, 320961.18530716805253177881,	 1.94146816301593716503,	 0.44146816301593716503,	 11.84160087892495383244,	 222.50782069977847754672,	 18.79034963049514317390,	 251233.66744274838129058480,	 251410.20606236651656217873,	 0.00000000000000000000,	 0.00000000000000000000,	 -38.71369098590960788897,	 0.00000000000000000000,	 0.00000000000000000000,	 -1.93568454929548061649,	 0.05000000000000000278,	 0.02528546801572763986,	 0.00000000000000000000,	 0.00000000000000000000
6.49770000000000003126,	 2.00000000000000000000,	 1.50000000000000000000,	 7.06858347057703451100, 320961.18530716805253177881,	 1.94149048514663369325,	 0.44149048514663369325,	 11.84187317932841665424,	 219.11097317800064843141,	 18.50306702832186545038,	 251224.27298360737040638924,	 251395.45472833464737050235,	 0.00000000000000000000,	 0.00000000000000000000,	 -38.12136535281427285327,	 0.00000000000000000000,	 0.00000000000000000000,	 -1.90606826764071368707,	 0.05000000000000000278,	 0.02489873946712170202,	 0.00000000000000000000,	 0.00000000000000000000
6.49880000000000013216,	 2.00000000000000000000,	 1.50000000000000000000,	 7.06858347057703451100, 320961.18530716805253177881,	 1.94150577295494541907,	 0.44150577295494541907,	 11.84205967213006793770,	 215.68022916365993069121,	 18.21306724802754217762,	 251206.29305722381104715168,	 251372.15096651439671404660,	 0.00000000000000000000,	 0.00000000000000000000,	 -37.52359122848757522206,	 0.00000000000000000000,	 0.00000000000000000000,	 -1.87617956142437902756,	 0.05000000000000000971,	 0.02450840340156203515,	 0.00000000000000000000,	 0.00000000000000000000
6.49990000000000023306,	 2.00000000000000000000,	 1.50000000000000000000,	 7.06858347057703451100, 320961.18530716805253177881,	 1.94151151790684495246,	 0.44151151790684495246,	 11.84212975398592604392,	 212.21456733458319376950,	 17.92030418034848793241,	 251172.73339892871445044875,	 251333.30204988681362010539,	 0.00000000000000000000,	 0.00000000000000000000,	 -36.92031495062872892277,	 0.00000000000000000000,	 0.00000000000000000000,	 -1.84601574753143626850,	 0.04999999999999999584,	 0.02411441127150465089,	 0.00000000000000000000,	 0.00000000000000000000
6.50100000000000033396,	 2.00000000000000000000,	 1.50000000000000000000,	 7.06858347057703451100, 320961.18530716805253177881,	 1.94150666087190537645,	 0.44150666087190537645,	 11.84207050368995872702,	 208.71470207618074255151,	 17.62484879744177845851,	 251138.03010342962807044387,	 251293.34775099597754888237,	 0.00000000000000000000,	 0.00000000000000000000,	 -36.31169370189374490110,	 0.00000000000000000000,	 0.00000000000000000000,	 -1.81558468509468751151,	 0.05000000000000000971,	 0.02371686216069529562,	 0.00000000000000000000,	 0.00000000000000000000
6.50210000000000043485,	 2.00000000000000000000,	 1.50000000000000000000,	 7.06858347057703451100, 320961.18530716805253177881,	 1.94149267620818233304,	 0.44149267620818233304,	 11.84189990754349075530,	 205.18599500897704501767,	 17.32711782830304869663,	 251100.11327904099016450346,	 251250.22778515893151052296,	 0.00000000000000000000,	 0.00000000000000000000,	 -35.69854893739520917961,	 0.00000000000000000000,	 0.00000000000000000000,	 -1.78492744686976068103,	 0.05000000000000000278,	 0.02331630471976806410,	 0.00000000000000000000,	 0.00000000000000000000
6.50320000000000053575,	 2.00000000000000000000,	 1.50000000000000000000,	 7.06858347057703451100, 320961.18530716805253177881,	 1.94146948664024954212,	 0.44146948664024954212,	 11.84161702529960003005,	 201.63478135385270206825,	 17.02763912420577696594,	 251055.19644828894524835050,	 251200.16669536102563142776,	 0.00000000000000000000,	 0.00000000000000000000,	 -35.08196083714389601482,	 0.00000000000000000000,	 0.00000000000000000000,	 -1.75409804185719497838,	 0.05000000000000000278,	 0.02291344685743806550,	 0.00000000000000000000,	 0.00000000000000000000
6.50430000000000063665,	 2.00000000000000000000,	 1.50000000000000000000,	 7.06858347057703451100, 320961.18530716805253177881,	 1.94143659417658809296,	 0.44143659417658809296,	 11.84121578627842374942,	 198.06198034966692489434,	 16.72649024597463451869,	 251004.27313118148595094681,	 251144.16086915583582594991,	 0.00000000000000000000,	 0.00000000000000000000,	 -34.46208914810068080214,	 0.00000000000000000000,	 0.00000000000000000000,	 -1.72310445740503426215,	 0.05000000000000000971,	 0.02250839292666331759,	 0.00000000000000000000,	 0.00000000000000000000
6.50540000000000073754,	 2.00000000000000000000,	 1.50000000000000000000,	 7.06858347057703451100, 320961.18530716805253177881,	 1.94139410328294714780,	 0.44139410328294714780,	 11.84069747078351397818,	 194.46463296973675483059,	 16.42341031426325059783,	 250946.72795387153746560216,	 251081.59215704686357639730,	 0.00000000000000000000,	 0.00000000000000000000,	 -33.83838507903335113269,	 0.00000000000000000000,	 0.00000000000000000000,	 -1.69191925395166764545,	 0.05000000000000000278,	 0.02210078817953661096,	 0.00000000000000000000,	 0.00000000000000000000
6.50649999999999995026,	 2.00000000000000000000,	 1.50000000000000000000,	 7.06858347057703451100, 320961.18530716805253177881,	 1.94133933070639463914,	 0.44133933070639463914,	 11.84002935671142076046,	 190.84708170465364673873,	 16.11880139439633907728,	 250871.73562987972400151193,	 251001.64350907571497373283,	 0.00000000000000000000,	 0.00000000000000000000,	 -33.21171345873097635604,	 0.00000000000000000000,	 0.00000000000000000000,	 -1.66058567293654890662,	 0.05000000000000000278,	 0.02169118556327941094,	 0.00000000000000000000,	 0.00000000000000000000
6.50760000000000005116,	 2.00000000000000000000,	 1.50000000000000000000,	 7.06858347057703451100, 320961.18530716805253177881,	 1.94127273425892998837,	 0.44127273425892998837,	 11.83921704084681003621,	 187.21437583993736097909,	 15.81307067807135169346,	 250796.91600484380614943802,	 250921.94260697864228859544,	 0.00000000000000000000,	 0.00000000000000000000,	 -32.58289347809317604288,	 0.00000000000000000000,	 0.00000000000000000000,	 -1.62914467390465866892,	 0.04999999999999999584,	 0.02128012656998569396,	 0.00000000000000000000,	 0.00000000000000000000
6.50870000000000015206,	 2.00000000000000000000,	 1.50000000000000000000,	 7.06858347057703451100, 320961.18530716805253177881,	 1.94119554181494291534,	 0.44119554181494291534,	 11.83827551427807378559,	 183.56329661513348128210,	 15.50591523180372632851,	 250718.76438636050443165004,	 250838.98108994844369590282,	 0.00000000000000000000,	 0.00000000000000000000,	 -31.95126899437713419161,	 0.00000000000000000000,	 0.00000000000000000000,	 -1.59756344971885688722,	 0.05000000000000000278,	 0.02086719309757116558,	 0.00000000000000000000,	 0.00000000000000000000
6.50980000000000025295,	 2.00000000000000000000,	 1.50000000000000000000,	 7.06858347057703451100, 320961.18530716805253177881,	 1.94110831922828341867,	 0.44110831922828341867,	 11.83721169376964610365,	 179.88839908765407926694,	 15.19685579183616930266,	 250636.29722308379132300615,	 250751.76943606272106990218,	 0.00000000000000000000,	 0.00000000000000000000,	 -31.31583259171833688583,	 0.00000000000000000000,	 0.00000000000000000000,	 -1.56579162958591711075,	 0.05000000000000000971,	 0.02045173368806476807,	 0.00000000000000000000,	 0.00000000000000000000
6.51090000000000035385,	 2.00000000000000000000,	 1.50000000000000000000,	 7.06858347057703451100, 320961.18530716805253177881,	 1.94101138311591725483,	 0.44101138311591725483,	 11.83602945718818943988,	 176.18516544862254136206,	 14.88549568805126455118,	 250549.12617666175356134772,	 250659.91516760125523433089,	 0.00000000000000000000,	 0.00000000000000000000,	 -30.67575145109244516561,	 0.00000000000000000000,	 0.00000000000000000000,	 -1.53378757255462239151,	 0.05000000000000000278,	 0.02003320947313738665,	 0.00000000000000000000,	 0.00000000000000000000
6.51200000000000045475,	 2.00000000000000000000,	 1.50000000000000000000,	 7.06858347057703451100, 320961.18530716805253177881,	 1.94090383873401317594,	 0.44090383873401317594,	 11.83471791082642354809,	 172.44652680913128506290,	 14.57124099691272434143,	 250449.86113040454802103341,	 250556.02166249961010180414,	 0.00000000000000000000,	 0.00000000000000000000,	 -30.02980509620107696378,	 0.00000000000000000000,	 0.00000000000000000000,	 -1.50149025481005393701,	 0.05000000000000000278,	 0.01961082226811509607,	 0.00000000000000000000,	 0.00000000000000000000
6.51310000000000055564,	 2.00000000000000000000,	 1.50000000000000000000,	 7.06858347057703451100, 320961.18530716805253177881,	 1.94078565785947509958,	 0.44078565785947509958,	 11.83327673202769858563,	 168.66530696820890966592,	 14.25347440001153032085,	 250349.78677612289902754128,	 250451.36754235878470353782,	 0.00000000000000000000,	 0.00000000000000000000,	 -29.37671008086884683053,	 0.00000000000000000000,	 0.00000000000000000000,	 -1.46883550404344243034,	 0.05000000000000000278,	 0.01918373758370539583,	 0.00000000000000000000,	 0.00000000000000000000
6.51420000000000065654,	 2.00000000000000000000,	 1.50000000000000000000,	 7.06858347057703451100, 320961.18530716805253177881,	 1.94065803499195843607,	 0.44065803499195843607,	 11.83172050963032262416,	 164.84467866977294647768,	 13.93243514631697976824,	 250246.46434862355818040669,	 250343.52072317671263590455,	 0.00000000000000000000,	 0.00000000000000000000,	 -28.71692981473618289101,	 0.00000000000000000000,	 0.00000000000000000000,	 -1.43584649073680936660,	 0.05000000000000000971,	 0.01875226772798492883,	 0.00000000000000000000,	 0.00000000000000000000
6.51529999999999986926,	 2.00000000000000000000,	 1.50000000000000000000,	 7.06858347057703451100, 320961.18530716805253177881,	 1.94052132541137090094,	 0.44052132541137090094,	 11.83005359815324730732,	 160.98961243402183640683,	 13.60852772967600188281,	 250138.63457935725455172360,	 250231.23059284192277118564,	 0.00000000000000000000,	 0.00000000000000000000,	 -28.05128199617415774014,	 0.00000000000000000000,	 0.00000000000000000000,	 -1.40256409980870810905,	 0.05000000000000000971,	 0.01831695189081462491,	 0.00000000000000000000,	 0.00000000000000000000
6.51639999999999997016,	 2.00000000000000000000,	 1.50000000000000000000,	 7.06858347057703451100, 320961.18530716805253177881,	 1.94037564990388133879,	 0.44037564990388133879,	 11.82827749360565938730,	 157.10559261405498432396,	 13.28220382883187511425,	 250025.95462424968718551099,	 250114.16309352501411922276,	 0.00000000000000000000,	 0.00000000000000000000,	 -27.38068544508858082054,	 0.00000000000000000000,	 0.00000000000000000000,	 -1.36903427225442908544,	 0.05000000000000000278,	 0.01787839403281772307,	 0.00000000000000000000,	 0.00000000000000000000
6.51750000000000007105,	 2.00000000000000000000,	 1.50000000000000000000,	 7.06858347057703451100, 320961.18530716805253177881,	 1.94022106001342664605,	 0.44022106001342664605,	 11.82639284896744946707,	 153.19773110919081204884,	 12.95388484600918310718,	 249908.31208565554697997868,	 249992.21365195736871100962,	 0.00000000000000000000,	 0.00000000000000000000,	 -26.70599781226895785835,	 0.00000000000000000000,	 0.00000000000000000000,	 -1.33529989061344789292,	 0.05000000000000000278,	 0.01743715776775819903,	 0.00000000000000000000,	 0.00000000000000000000
6.51860000000000017195,	 2.00000000000000000000,	 1.50000000000000000000,	 7.06858347057703451100, 320961.18530716805253177881,	 1.94005757320118910059,	 0.44005757320118910059,	 11.82439990306198929204,	 149.27022792753970747981,	 12.62391572944732764938,	 249785.61051736527588218451,	 249865.29214153735665604472,	 0.00000000000000000000,	 0.00000000000000000000,	 -26.02791979748777606574,	 0.00000000000000000000,	 0.00000000000000000000,	 -1.30139598987438875888,	 0.04999999999999999584,	 0.01699370401343852990,	 0.00000000000000000000,	 0.00000000000000000000
6.51970000000000027285,	 2.00000000000000000000,	 1.50000000000000000000,	 7.06858347057703451100, 320961.18530716805253177881,	 1.93988517391957171476,	 0.43988517391957171476,	 11.82229849380216535337,	 145.32609337494318424433,	 12.29254137434698712639,	 249657.72738071437925100327,	 249733.28066743438830599189,	 0.00000000000000000000,	 0.00000000000000000000,	 -25.34694638551145473571,	 0.00000000000000000000,	 0.00000000000000000000,	 -1.26734731927557287001,	 0.05000000000000000278,	 0.01654835918867579581,	 0.00000000000000000000,	 0.00000000000000000000
6.52080000000000037375,	 2.00000000000000000000,	 1.50000000000000000000,	 7.06858347057703451100, 320961.18530716805253177881,	 1.93970381315833195757,	 0.43970381315833195757,	 11.82008805283713748224,	 141.36709081524412567887,	 11.95990166767939122394,	 249524.52753584802849218249,	 249596.04715979829779826105,	 0.00000000000000000000,	 0.00000000000000000000,	 -24.66335651154002661656,	 0.00000000000000000000,	 0.00000000000000000000,	 -1.23316782557700133083,	 0.05000000000000000278,	 0.01610130850435416427,	 0.00000000000000000000,	 0.00000000000000000000
6.52190000000000047464,	 2.00000000000000000000,	 1.50000000000000000000,	 7.06858347057703451100, 320961.18530716805253177881,	 1.93951341362923446177,	 0.43951341362923446177,	 11.81776766894299335320,	 137.39388198366975757381,	 11.62604358391135583872,	 249385.88477932763635180891,	 249453.46722403515013866127,	 0.00000000000000000000,	 0.00000000000000000000,	 -23.97723780039573071576,	 0.00000000000000000000,	 0.00000000000000000000,	 -1.19886189001978649138,	 0.04999999999999999584,	 0.01565261218091783951,	 0.00000000000000000000,	 0.00000000000000000000
6.52300000000000057554,	 2.00000000000000000000,	 1.50000000000000000000,	 7.06858347057703451100, 320961.18530716805253177881,	 1.93931373463279332903,	 0.43931373463279332903,	 11.81533444161971146968,	 133.40832663173765126885,	 11.29111725875524996354,	 249240.37336238374700769782,	 249304.11802685921429656446,	 0.00000000000000000000,	 0.00000000000000000000,	 -23.28889247183763799853,	 0.00000000000000000000,	 0.00000000000000000000,	 -1.16444462359188194434,	 0.05000000000000000278,	 0.01520246992915077339,	 0.00000000000000000000,	 0.00000000000000000000
6.52410000000000067644,	 2.00000000000000000000,	 1.50000000000000000000,	 7.06858347057703451100, 320961.18530716805253177881,	 1.93910428375039889382,	 0.43910428375039889382,	 11.81278240628715003879,	 129.41076501359148664960,	 10.95514676920780594571,	 249088.37945160712115466595,	 249148.38707197457551956177,	 0.00000000000000000000,	 0.00000000000000000000,	 -22.59836536077283142276,	 0.00000000000000000000,	 0.00000000000000000000,	 -1.12991826803864148232,	 0.04999999999999999584,	 0.01475091258909880416,	 0.00000000000000000000,	 0.00000000000000000000
6.52519999999999988916,	 2.00000000000000000000,	 1.50000000000000000000,	 7.06858347057703451100, 320961.18530716805253177881,	 1.93888501591484474496,	 0.43888501591484474496,	 11.81011105249969972419,	 125.39915929174146924652,	 10.61794920761560412359,	 248930.85476989560993388295,	 248987.22519258336978964508,	 0.00000000000000000000,	 0.00000000000000000000,	 -21.90526848257811920462,	 0.00000000000000000000,	 0.00000000000000000000,	 -1.09526342412890587141,	 0.04999999999999999584,	 0.01429769039049382656,	 0.00000000000000000000,	 0.00000000000000000000
6.52629999999999999005,	 2.00000000000000000000,	 1.50000000000000000000,	 7.06858347057703451100, 320961.18530716805253177881,	 1.93865592179631684999,	 0.43865592179631684999,	 11.80732030718597158625,	 121.37275681594456955281,	 10.27944983774825971068,	 248767.58146122712059877813,	 248820.41500571049982681870,	 0.00000000000000000000,	 0.00000000000000000000,	 -21.20943633612620260465,	 0.00000000000000000000,	 0.00000000000000000000,	 -1.06047181680631008582,	 0.04999999999999999584,	 0.01384269900122048723,	 0.00000000000000000000,	 0.00000000000000000000
6.52740000000000009095,	 2.00000000000000000000,	 1.50000000000000000000,	 7.06858347057703451100, 320961.18530716805253177881,	 1.93841692712555624389,	 0.43841692712555624389,	 11.80440930822155998214,	 117.33119056433704940900,	 9.93960709940970765786,	 248598.36736121188732795417,	 248647.76525585720082744956,	 0.00000000000000000000,	 0.00000000000000000000,	 -20.51077239435578647431,	 0.00000000000000000000,	 0.00000000000000000000,	 -1.02553861971778936812,	 0.05000000000000000278,	 0.01338587893629887386,	 0.00000000000000000000,	 0.00000000000000000000
6.52850000000000019185,	 2.00000000000000000000,	 1.50000000000000000000,	 7.06858347057703451100, 320961.18530716805253177881,	 1.93816794449937890299,	 0.43816794449937890299,	 11.80137703582340158448,	 113.27401570024143495630,	 9.59837274551902552844,	 248423.18783837402588687837,	 248469.25221805498586036265,	 0.00000000000000000000,	 0.00000000000000000000,	 -19.80916622372112456674,	 0.00000000000000000000,	 0.00000000000000000000,	 -0.99045831118605631715,	 0.05000000000000000278,	 0.01292716167073148723,	 0.00000000000000000000,	 0.00000000000000000000
6.52960000000000029274,	 2.00000000000000000000,	 1.50000000000000000000,	 7.06858347057703451100, 320961.18530716805253177881,	 1.93790890473114196801,	 0.43790890473114196801,	 11.79822269443384641363,	 109.20098082490103763575,	 9.25571449642324317608,	 248242.07385709910886362195,	 248284.90798251875094138086,	 0.00000000000000000000,	 0.00000000000000000000,	 -19.10453989622870096809,	 0.00000000000000000000,	 0.00000000000000000000,	 -0.95522699481143513722,	 0.05000000000000000278,	 0.01246650003895275957,	 0.00000000000000000000,	 0.00000000000000000000
6.53070000000000039364,	 2.00000000000000000000,	 1.50000000000000000000,	 7.06858347057703451100, 320961.18530716805253177881,	 1.93763975491189466283,	 0.43763975491189466283,	 11.79494568901710671582,	 105.11231885061015134397,	 8.91164076732339260900,	 248055.03221042189397849143,	 248094.74088100480730645359,	 0.00000000000000000000,	 0.00000000000000000000,	 -18.39689910311239984253,	 0.00000000000000000000,	 0.00000000000000000000,	 -0.91984495515562014756,	 0.05000000000000000971,	 0.01200390156445842876,	 0.00000000000000000000,	 0.00000000000000000000
6.53180000000000049454,	 2.00000000000000000000,	 1.50000000000000000000,	 7.06858347057703451100, 320961.18530716805253177881,	 1.93736044888917735562,	 0.43736044888917735562,	 11.79154550906062226545,	 101.00871267249038965019,	 8.56619792501969357090,	 247862.04939863923937082291,	 247898.73927208455279469490,	 0.00000000000000000000,	 0.00000000000000000000,	 -17.68632766283896629034,	 0.00000000000000000000,	 0.00000000000000000000,	 -0.88431638314194827011,	 0.04999999999999999584,	 0.01153942482056278564,	 0.00000000000000000000,	 0.00000000000000000000
6.53290000000000059543,	 2.00000000000000000000,	 1.50000000000000000000,	 7.06858347057703451100, 320961.18530716805253177881,	 1.93707094335894280945,	 0.43707094335894280945,	 11.78802168098221159198,	 96.89111732704679980088,	 8.21945530379899658158,	 247663.10869934057700447738,	 247696.88842208616551943123,	 0.00000000000000000000,	 0.00000000000000000000,	 -16.97295668386042066800,	 0.00000000000000000000,	 0.00000000000000000000,	 -0.84864783419302114442,	 0.05000000000000000971,	 0.01107315927814181249,	 0.00000000000000000000,	 0.00000000000000000000
6.53400000000000069633,	 2.00000000000000000000,	 1.50000000000000000000,	 7.06858347057703451100, 320961.18530716805253177881,	 1.93677119819684318003,	 0.43677119819684318003,	 11.78437377216420323123,	 92.76056046076402594736,	 7.87148831615246091786,	 247458.19954587626853026450,	 247489.17971003192360512912,	 0.00000000000000000000,	 0.00000000000000000000,	 -16.25692972609445874355,	 0.00000000000000000000,	 0.00000000000000000000,	 -0.81284648630472300379,	 0.05000000000000000278,	 0.01060520256484174390,	 0.00000000000000000000,	 0.00000000000000000000
6.53509999999999990905,	 2.00000000000000000000,	 1.50000000000000000000,	 7.06858347057703451100, 320961.18530716805253177881,	 1.93646117787236771157,	 0.43646117787236771157,	 11.78060140815630774114,	 88.61799531279368125070,	 7.52236598476534013002,	 247247.31787949771387502551,	 247275.61087450210470706224,	 0.00000000000000000000,	 0.00000000000000000000,	 -15.53837705753611686532,	 0.00000000000000000000,	 0.00000000000000000000,	 -0.77691885287680584327,	 0.05000000000000000278,	 0.01013564366926412649,	 0.00000000000000000000,	 0.00000000000000000000
6.53620000000000000995,	 2.00000000000000000000,	 1.50000000000000000000,	 7.06858347057703451100, 320961.18530716805253177881,	 1.93614085180803563446,	 0.43614085180803563446,	 11.77670427702486755095,	 84.46423779868605663523,	 7.17214560303318915402,	 247030.46110926722758449614,	 247056.18094554278650321066,	 0.00000000000000000000,	 0.00000000000000000000,	 -14.81740462494882848432,	 0.00000000000000000000,	 0.00000000000000000000,	 -0.74087023124744155744,	 0.05000000000000000971,	 0.00966455574662187372,	 0.00000000000000000000,	 0.00000000000000000000
6.53730000000000011084,	 2.00000000000000000000,	 1.50000000000000000000,	 7.06858347057703451100, 320961.18530716805253177881,	 1.93581019307952173492,	 0.43581019307952173492,	 11.77268211351395521547,	 80.29997804176844056201,	 6.82087371998191116518,	 246807.62213766039349138737,	 246830.88429681234993040562,	 0.00000000000000000000,	 0.00000000000000000000,	 -14.09409609344218061722,	 0.00000000000000000000,	 0.00000000000000000000,	 -0.70470480467210905307,	 0.05000000000000000278,	 0.00919199744755050049,	 0.00000000000000000000,	 0.00000000000000000000
6.53840000000000021174,	 2.00000000000000000000,	 1.50000000000000000000,	 7.06858347057703451100, 320961.18530716805253177881,	 1.93546917584174993365,	 0.43546917584174993365,	 11.76853466772500844684,	 76.12583899119991315274,	 6.46859113224806492326,	 246578.78454313121619634330,	 246599.70587874931516125798,	 0.00000000000000000000,	 0.00000000000000000000,	 -13.36852317358105501910,	 0.00000000000000000000,	 0.00000000000000000000,	 -0.66842615867905286198,	 0.05000000000000000971,	 0.00871801964944430088,	 0.00000000000000000000,	 0.00000000000000000000
6.53950000000000031264,	 2.00000000000000000000,	 1.50000000000000000000,	 7.06858347057703451100, 320961.18530716805253177881,	 1.93511777221502501156,	 0.43511777221502501156,	 11.76426166726182032107,	 71.94244536965774727832,	 6.11533876111093377403,	 246343.92058041004929691553,	 246362.61926449163001962006,	 0.00000000000000000000,	 0.00000000000000000000,	 -12.64075778521952031497,	 0.00000000000000000000,	 0.00000000000000000000,	 -0.63203788926097603795,	 0.05000000000000000278,	 0.00824267338309494016,	 0.00000000000000000000,	 0.00000000000000000000
6.54060000000000041354,	 2.00000000000000000000,	 1.50000000000000000000,	 7.06858347057703451100, 320961.18530716805253177881,	 1.93475594979841369891,	 0.43475594979841369891,	 11.75986278704208487511,	 67.75046520007497008464,	 5.76116119949355276475,	 246102.99370200317935086787,	 246119.58919118644553236663,	 0.00000000000000000000,	 0.00000000000000000000,	 -11.91087940594020722074,	 0.00000000000000000000,	 0.00000000000000000000,	 -0.59554397029701044985,	 0.05000000000000000971,	 0.00776601461904981825,	 0.00000000000000000000,	 0.00000000000000000000
6.54170000000000051443,	 2.00000000000000000000,	 1.50000000000000000000,	 7.06858347057703451100, 320961.18530716805253177881,	 1.93438367080124851149,	 0.43438367080124851149,	 11.75533763881273863205,	 63.55061003365375427165,	 5.40610673944642350364,	 245855.96423404541565105319,	 245870.57722908456344157457,	 0.00000000000000000000,	 0.00000000000000000000,	 -11.17897513518016694434,	 0.00000000000000000000,	 0.00000000000000000000,	 -0.55894875675900834722,	 0.05000000000000000278,	 0.00728810430710024725,	 0.00000000000000000000,	 0.00000000000000000000
6.54280000000000061533,	 2.00000000000000000000,	 1.50000000000000000000,	 7.06858347057703451100, 320961.18530716805253177881,	 1.93400089297219635043,	 0.43400089297219635043,	 11.75068578252573203713,	 59.34360398808990311181,	 5.05022473465666887904,	 245602.79536201918381266296,	 245615.54774695445667020977,	 0.00000000000000000000,	 0.00000000000000000000,	 -10.44513423547684283221,	 0.00000000000000000000,	 0.00000000000000000000,	 -0.52225671177384214161,	 0.05000000000000000278,	 0.00680900481909779264,	 0.00000000000000000000,	 0.00000000000000000000
6.54390000000000071623,	 2.00000000000000000000,	 1.50000000000000000000,	 7.06858347057703451100, 320961.18530716805253177881,	 1.93360757174729669394,	 0.43360757174729669394,	 11.74590675251502958076,	 55.13014373145447422075,	 4.69356218238749622884,	 245343.45709595765220001340,	 245354.47185893761343322694,	 0.00000000000000000000,	 0.00000000000000000000,	 -9.70944104888083003857,	 0.00000000000000000000,	 0.00000000000000000000,	 -0.48547205244404151303,	 0.05000000000000000278,	 0.00632877533596803207,	 0.00000000000000000000,	 0.00000000000000000000
6.54499999999999992895,	 2.00000000000000000000,	 1.50000000000000000000,	 7.06858347057703451100, 320961.18530716805253177881,	 1.93320366270035837175,	 0.43320366270035837175,	 11.74100008731803868045,	 50.91087041110466770988,	 4.33616131781616243046,	 245077.92730903133633546531,	 245087.32845651838579215109,	 0.00000000000000000000,	 0.00000000000000000000,	 -8.97197000291066970590,	 0.00000000000000000000,	 0.00000000000000000000,	 -0.44859850014553348529,	 0.05000000000000000278,	 0.00584746859828382676,	 0.00000000000000000000,	 0.00000000000000000000
6.54610000000000002984,	 2.00000000000000000000,	 1.50000000000000000000,	 7.06858347057703451100, 320961.18530716805253177881,	 1.93278912350320153379,	 0.43278912350320153379,	 11.73596535350872827053,	 46.68636424727449707461,	 3.97805914051344489124,	 244806.19037702688365243375,	 244814.10285428960924036801,	 0.00000000000000000000,	 0.00000000000000000000,	 -8.23278461605406519652,	 0.00000000000000000000,	 0.00000000000000000000,	 -0.41163923080270331534,	 0.05000000000000000971,	 0.00536513026297284843,	 0.00000000000000000000,	 0.00000000000000000000
6.54720000000000013074,	 2.00000000000000000000,	 1.50000000000000000000,	 7.06858347057703451100, 320961.18530716805253177881,	 1.93236391500929927112,	 0.43236391500929927112,	 11.73080215885615018578,	 42.45716025880960842187,	 3.61928874802109268316,	 244528.23472637071972712874,	 244534.78435189148876816034,	 0.00000000000000000000,	 0.00000000000000000000,	 -7.49194024978193606756,	 0.00000000000000000000,	 0.00000000000000000000,	 -0.37459701248909682558,	 0.05000000000000000278,	 0.00488180069938836357,	 0.00000000000000000000,	 0.00000000000000000000
6.54830000000000023164,	 2.00000000000000000000,	 1.50000000000000000000,	 7.06858347057703451100, 320961.18530716805253177881,	 1.93192800150296783990,	 0.43192800150296783990,	 11.72551015533401574942,	 38.22377536347654825022,	 3.25988164754505715948,	 244244.05056386266369372606,	 244249.36397804066655226052,	 0.00000000000000000000,	 0.00000000000000000000,	 -6.74948889401466445292,	 0.00000000000000000000,	 0.00000000000000000000,	 -0.33747444470073323375,	 0.05000000000000000278,	 0.00439751810754302440,	 0.00000000000000000000,	 0.00000000000000000000
6.54940000000000033253,	 2.00000000000000000000,	 1.50000000000000000000,	 7.06858347057703451100, 320961.18530716805253177881,	 1.93148135041818669322,	 0.43148135041818669322,	 11.72008903568649706983,	 33.98673520869257203003,	 2.89987005262557051566,	 243953.62850032103597186506,	 243957.83312348209437914193,	 0.00000000000000000000,	 0.00000000000000000000,	 -6.00548392972620170838,	 0.00000000000000000000,	 0.00000000000000000000,	 -0.30027419648631009652,	 0.05000000000000000278,	 0.00391232161876246560,	 0.00000000000000000000,	 0.00000000000000000000
6.55050000000000043343,	 2.00000000000000000000,	 1.50000000000000000000,	 7.06858347057703451100, 320961.18530716805253177881,	 1.93102393187735921209,	 0.43102393187735921209,	 11.71453852781083071477,	 29.74659229260234738490,	 2.53928844247535900891,	 243656.95913995310547761619,	 243660.18313285015756264329,	 0.00000000000000000000,	 0.00000000000000000000,	 -5.25998337059787601788,	 0.00000000000000000000,	 0.00000000000000000000,	 -0.26299916852989385641,	 0.05000000000000000971,	 0.00342625340353981331,	 0.00000000000000000000,	 0.00000000000000000000
6.55160000000000053433,	 2.00000000000000000000,	 1.50000000000000000000,	 7.06858347057703451100, 320961.18530716805253177881,	 1.93055571829640415515,	 0.43055571829640415515,	 11.70885838994949068592,	 25.50393226633383392254,	 2.17817411543943473262,	 243354.03330242561060003936,	 243356.40552366420160979033,	 0.00000000000000000000,	 0.00000000000000000000,	 -4.51305102421294090931,	 0.00000000000000000000,	 0.00000000000000000000,	 -0.22565255121064706212,	 0.05000000000000000278,	 0.00293935942318895426,	 0.00000000000000000000,	 0.00000000000000000000
6.55270000000000063523,	 2.00000000000000000000,	 1.50000000000000000000,	 7.06858347057703451100, 320961.18530716805253177881,	 1.93007668414975630533,	 0.43007668414975630533,	 11.70304840782609900884,	 21.25937007664754574421,	 1.81656687521098469951,	 243044.84244210858014412224,	 243046.49239971462520770729,	 0.00000000000000000000,	 0.00000000000000000000,	 -3.76475585686114788686,	 0.00000000000000000000,	 0.00000000000000000000,	 -0.18823779284305738879,	 0.04999999999999999584,	 0.00245168901134444964,	 0.00000000000000000000,	 0.00000000000000000000
6.55380000000000073612,	 2.00000000000000000000,	 1.50000000000000000000,	 7.06858347057703451100, 320961.18530716805253177881,	 1.92958680589586006882,	 0.42958680589586006882,	 11.69710839372914890077,	 17.01353938097327755941,	 1.45450814066955902426,	 242729.37911775027168914676,	 242730.43691471591591835022,	 0.00000000000000000000,	 0.00000000000000000000,	 -3.01517016228615108986,	 0.00000000000000000000,	 0.00000000000000000000,	 -0.15075850811430757670,	 0.05000000000000000971,	 0.00196329367706329742,	 0.00000000000000000000,	 0.00000000000000000000
6.55489999999999994884,	 2.00000000000000000000,	 1.50000000000000000000,	 7.06858347057703451100, 320961.18530716805253177881,	 1.92908606201598087360,	 0.42908606201598087360,	 11.69103818696859775628,	 12.76708030713592911809,	 1.09203991150817891764,	 242407.63725301591330207884,	 242408.23352860007435083389,	 0.00000000000000000000,	 0.00000000000000000000,	 -2.26436742872310992070,	 0.00000000000000000000,	 0.00000000000000000000,	 -0.11321837143615549881,	 0.05000000000000000278,	 0.00147422571236972377,	 0.00000000000000000000,	 0.00000000000000000000
6.55600000000000004974,	 2.00000000000000000000,	 1.50000000000000000000,	 7.06858347057703451100, 320961.18530716805253177881,	 1.92858194925898551730,	 0.42858194925898551730,	 11.68492873281355493020,	 8.77919695607377192914,	 0.75132652982470293779,	 242152.75268179134582169354,	 242153.03492756854393519461,	 0.00000000000000000000,	 0.00000000000000000000,	 -1.55829837588884068111,	 0.00000000000000000000,	 0.00000000000000000000,	 -0.07791491879444203961,	 0.05000000000000000278,	 0.00101440398721927214,	 0.00000000000000000000,	 0.00000000000000000000
6.55710000000000015064,	 2.00000000000000000000,	 1.50000000000000000000,	 7.06858347057703451100, 320961.18530716805253177881,	 1.92810396500879877024,	 0.42810396500879877024,	 11.67913741056768550663,	 5.83561969317271778124,	 0.49966187467684458623,	 241999.25326485242112539709,	 241999.37809584691422060132,	 0.00000000000000000000,	 0.00000000000000000000,	 -1.03658699685224564568,	 0.00000000000000000000,	 0.00000000000000000000,	 -0.05182934984261228922,	 0.05000000000000000971,	 0.00067470240973390089,	 0.00000000000000000000,	 0.00000000000000000000
6.55820000000000025153,	 2.00000000000000000000,	 1.50000000000000000000,	 7.06858347057703451100, 320961.18530716805253177881,	 1.92766799391110810191,	 0.42766799391110810191,	 11.67385637719002566826,	 4.08927522894755313132,	 0.35029343319125783029,	 241905.45536605894449166954,	 241905.51671880361391231418,	 0.00000000000000000000,	 0.00000000000000000000,	 -0.72687503096533978564,	 0.00000000000000000000,	 0.00000000000000000000,	 -0.03634375154826699483,	 0.05000000000000000971,	 0.00047306100447319589,	 0.00000000000000000000,	 0.00000000000000000000
6.55930000000000035243,	 2.00000000000000000000,	 1.50000000000000000000,	 7.06858347057703451100, 320961.18530716805253177881,	 1.92728657314689089119,	 0.42728657314689089119,	 11.66923710590499574380,	 3.36865225323502093246,	 0.28867801919376362418,	 241887.84814256717800162733,	 241887.88981006655376404524,	 0.00000000000000000000,	 0.00000000000000000000,	 -0.59913875438338681789,	 0.00000000000000000000,	 0.00000000000000000000,	 -0.02995693771916934159,	 0.05000000000000000278,	 0.00038988977052246455,	 0.00000000000000000000,	 0.00000000000000000000
6.56040000000000045333,	 2.00000000000000000000,	 1.50000000000000000000,	 7.06858347057703451100, 320961.18530716805253177881,	 1.92695968432475428500,	 0.42695968432475428500,	 11.66527898184408762461,	 3.35780754483136911759,	 0.28784631298209684136,	 241868.90746840648353099823,	 241868.94889615642023272812,	 0.00000000000000000000,	 0.00000000000000000000,	 -0.59751392895999067001,	 0.00000000000000000000,	 0.00000000000000000000,	 -0.02987569644799953697,	 0.05000000000000000278,	 0.00038879943825753758,	 0.00000000000000000000,	 0.00000000000000000000
6.56150000000000055422,	 2.00000000000000000000,	 1.50000000000000000000,	 7.06858347057703451100, 320961.18530716805253177881,	 1.92667641583024495944,	 0.42667641583024495944,	 11.66184957627467433383,	 3.70953049577346272159,	 0.31809109451388206669,	 241836.21340790903195738792,	 241836.26399888124433346093,	 0.00000000000000000000,	 0.00000000000000000000,	 -0.66039339434548471885,	 0.00000000000000000000,	 0.00000000000000000000,	 -0.03301966971727424149,	 0.05000000000000000971,	 0.00042968321799614553,	 0.00000000000000000000,	 0.00000000000000000000
6.56260000000000065512,	 2.00000000000000000000,	 1.50000000000000000000,	 7.06858347057703451100, 320961.18530716805253177881,	 1.92642527345114489279,	 0.42642527345114489279,	 11.65880952892722355330,	 4.14354044699789891837,	 0.35539996058063771933,	 241784.35309304218390025198,	 241784.41624760816921480000,	 0.00000000000000000000,	 0.00000000000000000000,	 -0.73794704726635407255,	 0.00000000000000000000,	 0.00000000000000000000,	 -0.03689735236331770363,	 0.05000000000000000278,	 0.00048011200308470717,	 0.00000000000000000000,	 0.00000000000000000000
6.56370000000000075602,	 2.00000000000000000000,	 1.50000000000000000000,	 7.06858347057703451100, 320961.18530716805253177881,	 1.92619615376368891191,	 0.42619615376368891191,	 11.65603640922342698616,	 4.48113923219595200464,	 0.38444794395546194599,	 241715.88832585996715351939,	 241715.96222597078303806484,	 0.00000000000000000000,	 0.00000000000000000000,	 -0.79835678875024285173,	 0.00000000000000000000,	 0.00000000000000000000,	 -0.03991783943751214120,	 0.04999999999999999584,	 0.00051938399076540927,	 0.00000000000000000000,	 0.00000000000000000000
6.56479999999999996874,	 2.00000000000000000000,	 1.50000000000000000000,	 7.06858347057703451100, 320961.18530716805253177881,	 1.92598212574511640227,	 0.42598212574511640227,	 11.65344624749695334742,	 4.64135655108708711225,	 0.39828188610592385466,	 241634.78370023850584402680,	 241634.86301446889410726726,	 0.00000000000000000000,	 0.00000000000000000000,	 -0.82717670279902111297,	 0.00000000000000000000,	 0.00000000000000000000,	 -0.04135883513995106120,	 0.05000000000000000971,	 0.00053810335649011136,	 0.00000000000000000000,	 0.00000000000000000000
6.56590000000000006963,	 2.00000000000000000000,	 1.50000000000000000000,	 7.06858347057703451100, 320961.18530716805253177881,	 1.92577731959982090260,	 0.42577731959982090260,	 11.65096795813539998221,	 4.61817660704751276057,	 0.39637707559077328678,	 241542.74426482405397109687,	 241542.82282221707282587886,	 0.00000000000000000000,	 0.00000000000000000000,	 -0.82330822272461057221,	 0.00000000000000000000,	 0.00000000000000000000,	 -0.04116541113623053277,	 0.05000000000000000278,	 0.00053555831617982689,	 0.00000000000000000000,	 0.00000000000000000000
6.56700000000000017053,	 2.00000000000000000000,	 1.50000000000000000000,	 7.06858347057703451100, 320961.18530716805253177881,	 1.92557856540453253835,	 0.42557856540453253835,	 11.64856315334322012234,	 4.45163652559308431478,	 0.38216185695962279212,	 241447.55268223083112388849,	 241447.62570607327506877482,	 0.00000000000000000000,	 0.00000000000000000000,	 -0.79386396135820469500,	 0.00000000000000000000,	 0.00000000000000000000,	 -0.03969319806791023891,	 0.05000000000000000278,	 0.00051637830680958279,	 0.00000000000000000000,	 0.00000000000000000000
6.56810000000000027143,	 2.00000000000000000000,	 1.50000000000000000000,	 7.06858347057703451100, 320961.18530716805253177881,	 1.92538492600010680000,	 0.42538492600010680000,	 11.64622047311458707952,	 4.20105661443133637789,	 0.36072274469897908089,	 241354.47113365944824181497,	 241354.53619410871760919690,	 0.00000000000000000000,	 0.00000000000000000000,	 -0.74940390324622085938,	 0.00000000000000000000,	 0.00000000000000000000,	 -0.03747019516231104436,	 0.05000000000000000278,	 0.00048743421990136678,	 0.00000000000000000000,	 0.00000000000000000000
6.56920000000000037232,	 2.00000000000000000000,	 1.50000000000000000000,	 7.06858347057703451100, 320961.18530716805253177881,	 1.92519666483958973302,	 0.42519666483958973302,	 11.64394308560505031380,	 3.92427221550434834896,	 0.33702262082986061964,	 241266.35571678660926409066,	 241266.41250891008530743420,	 0.00000000000000000000,	 0.00000000000000000000,	 -0.70023520606491773677,	 0.00000000000000000000,	 0.00000000000000000000,	 -0.03501176030324588961,	 0.05000000000000000278,	 0.00045543119368189746,	 0.00000000000000000000,	 0.00000000000000000000
6.57030000000000047322,	 2.00000000000000000000,	 1.50000000000000000000,	 7.06858347057703451100, 320961.18530716805253177881,	 1.92501451857926242361,	 0.42501451857926242361,	 11.64173988174940355123,	 3.66410949355200576960,	 0.31473899354994006039,	 241184.72036329394904896617,	 241184.76989361096639186144,	 0.00000000000000000000,	 0.00000000000000000000,	 -0.65399817094830026143,	 0.00000000000000000000,	 0.00000000000000000000,	 -0.03269990854741501585,	 0.05000000000000000278,	 0.00042533862141610991,	 0.00000000000000000000,	 0.00000000000000000000
6.57140000000000057412,	 2.00000000000000000000,	 1.50000000000000000000,	 7.06858347057703451100, 320961.18530716805253177881,	 1.92483940017024912628,	 0.42483940017024912628,	 11.63962188189313806674,	 3.44240432422715691985,	 0.29574881032709832152,	 241109.40101683195098303258,	 241109.44475051134941168129,	 0.00000000000000000000,	 0.00000000000000000000,	 -0.61459425716439475273,	 0.00000000000000000000,	 0.00000000000000000000,	 -0.03072971285821973764,	 0.05000000000000000278,	 0.00039969344741374137,	 0.00000000000000000000,	 0.00000000000000000000
6.57250000000000067502,	 2.00000000000000000000,	 1.50000000000000000000,	 7.06858347057703451100, 320961.18530716805253177881,	 1.92467165324513667102,	 0.42467165324513667102,	 11.63759321841008187448,	 3.26086527438284434766,	 0.28020100146002019370,	 241039.02125360554782673717,	 241039.06050990615040063858,	 0.00000000000000000000,	 0.00000000000000000000,	 -0.58233517595082961993,	 0.00000000000000000000,	 0.00000000000000000000,	 -0.02911675879754148377,	 0.05000000000000000278,	 0.00037869766750943618,	 0.00000000000000000000,	 0.00000000000000000000
6.57359999999999988773,	 2.00000000000000000000,	 1.50000000000000000000,	 7.06858347057703451100, 320961.18530716805253177881,	 1.92451150576855956054,	 0.42451150576855956054,	 11.63565662455436111600,	 3.10688855992507928505,	 0.26701445910398469152,	 240973.76037225409527309239,	 240973.79602061476907692850,	 0.00000000000000000000,	 0.00000000000000000000,	 -0.55497607222119815784,	 0.00000000000000000000,	 0.00000000000000000000,	 -0.02774880361105990650,	 0.04999999999999999584,	 0.00036089078724481323,	 0.00000000000000000000,	 0.00000000000000000000
6.57469999999999998863,	 2.00000000000000000000,	 1.50000000000000000000,	 7.06858347057703451100, 320961.18530716805253177881,	 1.92435920432641704991,	 0.42435920432641704991,	 11.63381505888137468219,	 2.96164161313711193912,	 0.25457183203855077158,	 240913.83443954659742303193,	 240913.86684295543818734586,	 0.00000000000000000000,	 0.00000000000000000000,	 -0.52915657631114354498,	 0.00000000000000000000,	 0.00000000000000000000,	 -0.02645782881555718002,	 0.05000000000000000278,	 0.00034408722544005131,	 0.00000000000000000000,	 0.00000000000000000000
6.57580000000000008953,	 2.00000000000000000000,	 1.50000000000000000000,	 7.06858347057703451100, 320961.18530716805253177881,	 1.92421502839162816834,	 0.42421502839162816834,	 11.63207187774975004402,	 2.80780657405267364268,	 0.24138490576416984923,	 240859.63808358582900837064,	 240859.66721692218561656773,	 0.00000000000000000000,	 0.00000000000000000000,	 -0.50178364102255967882,	 0.00000000000000000000,	 0.00000000000000000000,	 -0.02508918205112798533,	 0.05000000000000000278,	 0.00032627558749637225,	 0.00000000000000000000,	 0.00000000000000000000
6.57690000000000019043,	 2.00000000000000000000,	 1.50000000000000000000,	 7.06858347057703451100, 320961.18530716805253177881,	 1.92407932743900533801,	 0.42407932743900533801,	 11.63043128399904801995,	 2.63495604240291614317,	 0.22655703628360235324,	 240811.18919614344486035407,	 240811.21486018880386836827,	 0.00000000000000000000,	 0.00000000000000000000,	 -0.47099313017443006357,	 0.00000000000000000000,	 0.00000000000000000000,	 -0.02354965650872150457,	 0.05000000000000000278,	 0.00030624382473689595,	 0.00000000000000000000,	 0.00000000000000000000
6.57800000000000029132,	 2.00000000000000000000,	 1.50000000000000000000,	 7.06858347057703451100, 320961.18530716805253177881,	 1.92395224073675996657,	 0.42395224073675996657,	 11.62889493950155639368,	 2.44165810923742299110,	 0.20996475778136822199,	 240767.91983745383913628757,	 240767.94188005360774695873,	 0.00000000000000000000,	 0.00000000000000000000,	 -0.43652800383644474458,	 0.00000000000000000000,	 0.00000000000000000000,	 -0.02182640019182223792,	 0.05000000000000000278,	 0.00028382492631915057,	 0.00000000000000000000,	 0.00000000000000000000
6.57910000000000039222,	 2.00000000000000000000,	 1.50000000000000000000,	 7.06858347057703451100, 320961.18530716805253177881,	 1.92383381617906690231,	 0.42383381617906690231,	 11.62746340255700694399,	 2.23454409299193290650,	 0.19217812308921411457,	 240729.61862134042894467711,	 240729.63708755592233501375,	 0.00000000000000000000,	 0.00000000000000000000,	 -0.39957323023024882147,	 0.00000000000000000000,	 0.00000000000000000000,	 -0.01997866151151244177,	 0.05000000000000000278,	 0.00025978940930608915,	 0.00000000000000000000,	 0.00000000000000000000
6.58020000000000049312,	 2.00000000000000000000,	 1.50000000000000000000,	 7.06858347057703451100, 320961.18530716805253177881,	 1.92372399943375604892,	 0.42372399943375604892,	 11.62613599711015766047,	 2.02534268261047900594,	 0.17420600301887978478,	 240695.88883956181234680116,	 240695.90401342755649238825,	 0.00000000000000000000,	 0.00000000000000000000,	 -0.36222660437808529288,	 0.00000000000000000000,	 0.00000000000000000000,	 -0.01811133021890426464,	 0.05000000000000000278,	 0.00023550113629765545,	 0.00000000000000000000,	 0.00000000000000000000
6.58130000000000059401,	 2.00000000000000000000,	 1.50000000000000000000,	 7.06858347057703451100, 320961.18530716805253177881,	 1.92362266102579870797,	 0.42362266102579870797,	 11.62491114044577678044,	 1.82720743391795514832,	 0.15718033556064564538,	 240666.29233774018939584494,	 240666.30469056914444081485,	 0.00000000000000000000,	 0.00000000000000000000,	 -0.32684234542511997335,	 0.00000000000000000000,	 0.00000000000000000000,	 -0.01634211727125600006,	 0.05000000000000000278,	 0.00021249051122292315,	 0.00000000000000000000,	 0.00000000000000000000
6.58240000000000069491,	 2.00000000000000000000,	 1.50000000000000000000,	 7.06858347057703451100, 320961.18530716805253177881,	 1.92352938851955546085,	 0.42352938851955546085,	 11.62378383171571272214,	 1.65150493643309626002,	 0.14207980467831257676,	 240639.42398876347579061985,	 240639.43408209891640581191,	 0.00000000000000000000,	 0.00000000000000000000,	 -0.29545647813088898870,	 0.00000000000000000000,	 0.00000000000000000000,	 -0.01477282390654444978,	 0.05000000000000000278,	 0.00019208091260128663,	 0.00000000000000000000,	 0.00000000000000000000
6.58349999999999990763,	 2.00000000000000000000,	 1.50000000000000000000,	 7.06858347057703451100, 320961.18530716805253177881,	 1.92344353177582050307,	 0.42344353177582050307,	 11.62274619957637611378,	 1.50578824574287839511,	 0.12955528924805748137,	 240614.34183998836670070887,	 240614.35023227485362440348,	 0.00000000000000000000,	 0.00000000000000000000,	 -0.26942363964996773884,	 0.00000000000000000000,	 0.00000000000000000000,	 -0.01347118198249838868,	 0.05000000000000000971,	 0.00017515264494674413,	 0.00000000000000000000,	 0.00000000000000000000
6.58460000000000000853,	 2.00000000000000000000,	 1.50000000000000000000,	 7.06858347057703451100, 320961.18530716805253177881,	 1.92336429050082990955,	 0.42336429050082990955,	 11.62178856059087195263,	 1.39310348462456423668,	 0.11986997331448064064,	 240590.14857572034816257656,	 240590.15576012560632079840,	 0.00000000000000000000,	 0.00000000000000000000,	 -0.24929229248249665241,	 0.00000000000000000000,	 0.00000000000000000000,	 -0.01246461462412483401,	 0.05000000000000000278,	 0.00016206189260227816,	 0.00000000000000000000,	 0.00000000000000000000
6.58570000000000010942,	 2.00000000000000000000,	 1.50000000000000000000,	 7.06858347057703451100, 320961.18530716805253177881,	 1.92329076035911028519,	 0.42329076035911028519,	 11.62089997653077055872,	 1.31245133010051939770,	 0.11293887158060973708,	 240566.05978313935338519514,	 240566.06616073372424580157,	 0.00000000000000000000,	 0.00000000000000000000,	 -0.23488673456637865211,	 0.00000000000000000000,	 0.00000000000000000000,	 -0.01174433672831893399,	 0.05000000000000000278,	 0.00015269409547533322,	 0.00000000000000000000,	 0.00000000000000000000
6.58680000000000021032,	 2.00000000000000000000,	 1.50000000000000000000,	 7.06858347057703451100, 320961.18530716805253177881,	 1.92322198668815591560,	 0.42322198668815591560,	 11.62006890337385733858,	 1.25996881575978725287,	 0.10843040830798847396,	 240541.44522852831869386137,	 240541.45110710503649897873,	 0.00000000000000000000,	 0.00000000000000000000,	 -0.22551823774583354409,	 0.00000000000000000000,	 0.00000000000000000000,	 -0.01127591188729167720,	 0.05000000000000000278,	 0.00014660124467794910,	 0.00000000000000000000,	 0.00000000000000000000
6.58790000000000031122,	 2.00000000000000000000,	 1.50000000000000000000,	 7.06858347057703451100, 320961.18530716805253177881,	 1.92315701649694981157,	 0.42315701649694981157,	 11.61928381943479315908,	 1.23035480079455394886,	 0.10588903928283620315,	 240515.83991175109986215830,	 240515.84551799541804939508,	 0.00000000000000000000,	 0.00000000000000000000,	 -0.22024002902418060579,	 0.00000000000000000000,	 0.00000000000000000000,	 -0.01101200145120903237,	 0.05000000000000000971,	 0.00014316765390786913,	 0.00000000000000000000,	 0.00000000000000000000
6.58900000000000041211,	 2.00000000000000000000,	 1.50000000000000000000,	 7.06858347057703451100, 320961.18530716805253177881,	 1.92309494129388824923,	 0.42309494129388824923,	 11.61853374260190463474,	 1.21816708248755189992,	 0.10484688597330271698,	 240488.92896191644831560552,	 240488.93445835119928233325,	 0.00000000000000000000,	 0.00000000000000000000,	 -0.21807947953471315539,	 0.00000000000000000000,	 0.00000000000000000000,	 -0.01090397397673565846,	 0.05000000000000000278,	 0.00014176089468268151,	 0.00000000000000000000,	 0.00000000000000000000
6.59010000000000051301,	 2.00000000000000000000,	 1.50000000000000000000,	 7.06858347057703451100, 320961.18530716805253177881,	 1.92303492617079752058,	 0.42303492617079752058,	 11.61780858146981998402,	 1.21876739002515144250,	 0.10490510163586805326,	 240460.51340074511244893074,	 240460.51890328529407270253,	 0.00000000000000000000,	 0.00000000000000000000,	 -0.21820737670065742941,	 0.00000000000000000000,	 0.00000000000000000000,	 -0.01091036883503287286,	 0.05000000000000000971,	 0.00014184181993423729,	 0.00000000000000000000,	 0.00000000000000000000
6.59120000000000061391,	 2.00000000000000000000,	 1.50000000000000000000,	 7.06858347057703451100, 320961.18530716805253177881,	 1.92297622307605720060,	 0.42297622307605720060,	 11.61709929543546593322,	 1.22884784283356496282,	 0.10577923211144436844,	 240430.46639090694952756166,	 240430.47198552993359044194,	 0.00000000000000000000,	 0.00000000000000000000,	 -0.22003232456454685506,	 0.00000000000000000000,	 0.00000000000000000000,	 -0.01100161622822734379,	 0.05000000000000000278,	 0.00014302591172485853,	 0.00000000000000000000,	 0.00000000000000000000
6.59230000000000071481,	 2.00000000000000000000,	 1.50000000000000000000,	 7.06858347057703451100, 320961.18530716805253177881,	 1.92291817293816236223,	 0.42291817293816236223,	 11.61639792011001404148,	 1.24645258820604287742,	 0.10730112697398354327,	 240398.70895640677190385759,	 240398.71471317269606515765,	 0.00000000000000000000,	 0.00000000000000000000,	 -0.22320476967572788762,	 0.00000000000000000000,	 0.00000000000000000000,	 -0.01116023848378639577,	 0.05000000000000000278,	 0.00014508588175600885,	 0.00000000000000000000,	 0.00000000000000000000
6.59339999999999992752,	 2.00000000000000000000,	 1.50000000000000000000,	 7.06858347057703451100, 320961.18530716805253177881,	 1.92286020134163648798,	 0.42286020134163648798,	 11.61569751486996793233,	 1.27067941565326747444,	 0.10939329420610278965,	 240365.18553810147568583488,	 240365.19152154788025654852,	 0.00000000000000000000,	 0.00000000000000000000,	 -0.22756369730836562004,	 0.00000000000000000000,	 0.00000000000000000000,	 -0.01137818486541828170,	 0.05000000000000000278,	 0.00014791700930538688,	 0.00000000000000000000,	 0.00000000000000000000
6.59450000000000002842,	 2.00000000000000000000,	 1.50000000000000000000,	 7.06858347057703451100, 320961.18530716805253177881,	 1.92280180804662981231,	 0.42280180804662981231,	 11.61499203607097818747,	 1.30130765719918706225,	 0.11203689620775517111,	 240329.84060600798693485558,	 240329.84688214104971848428,	 0.00000000000000000000,	 0.00000000000000000000,	 -0.23307008707584525586,	 0.00000000000000000000,	 0.00000000000000000000,	 -0.01165350435379226314,	 0.05000000000000000278,	 0.00015149387698849067,	 0.00000000000000000000,	 0.00000000000000000000
6.59560000000000012932,	 2.00000000000000000000,	 1.50000000000000000000,	 7.06858347057703451100, 320961.18530716805253177881,	 1.92274255322080667163,	 0.42274255322080667163,	 11.61427617058513561688,	 1.33845079365266861338,	 0.11524186044779030635,	 240292.60491374865523539484,	 240292.61155409185448661447,	 0.00000000000000000000,	 0.00000000000000000000,	 -0.23974475470935499577,	 0.00000000000000000000,	 0.00000000000000000000,	 -0.01198723773546775048,	 0.05000000000000000278,	 0.00015582996169445087,	 0.00000000000000000000,	 0.00000000000000000000
6.59670000000000023022,	 2.00000000000000000000,	 1.50000000000000000000,	 7.06858347057703451100, 320961.18530716805253177881,	 1.92268204341407700220,	 0.42268204341407700220,	 11.61354516627381627814,	 1.38229472505079487021,	 0.11902435520421723869,	 240253.39027889253338798881,	 240253.39736229108530096710,	 0.00000000000000000000,	 0.00000000000000000000,	 -0.24762150478686015265,	 0.00000000000000000000,	 0.00000000000000000000,	 -0.01238107523934300729,	 0.04999999999999999584,	 0.00016094718098236615,	 0.00000000000000000000,	 0.00000000000000000000
6.59780000000000033111,	 2.00000000000000000000,	 1.50000000000000000000,	 7.06858347057703451100, 320961.18530716805253177881,	 1.92261991915521335272,	 0.42261991915521335272,	 11.61279468209188969752,	 1.43294789144112977297,	 0.12339388843676717122,	 240212.08950280319550074637,	 240212.09711582903400994837,	 0.00000000000000000000,	 0.00000000000000000000,	 -0.25672029548302122137,	 0.00000000000000000000,	 0.00000000000000000000,	 -0.01283601477415106246,	 0.05000000000000000278,	 0.00016685844940824267,	 0.00000000000000000000,	 0.00000000000000000000
6.59890000000000043201,	 2.00000000000000000000,	 1.50000000000000000000,	 7.06858347057703451100, 320961.18530716805253177881,	 1.92255584515966049253,	 0.42255584515966049253,	 11.61202066976768421114,	 1.49038265798624869340,	 0.12834826085579695287,	 240168.58163408291875384748,	 240168.58987072095624171197,	 0.00000000000000000000,	 0.00000000000000000000,	 -0.26703673899290686355,	 0.00000000000000000000,	 0.00000000000000000000,	 -0.01335183694964534387,	 0.05000000000000000278,	 0.00017356085402450494,	 0.00000000000000000000,	 0.00000000000000000000
6.60000000000000053291,	 2.00000000000000000000,	 1.50000000000000000000,	 7.06858347057703451100, 320961.18530716805253177881,	 1.92248950421580677705,	 0.42248950421580677705,	 11.61121929994315493673,	 1.55442075132462731446,	 0.13387231014853342992,	 240122.74057915961020626128,	 240122.74954005732433870435,	 0.00000000000000000000,	 0.00000000000000000000,	 -0.27853948717008075731,	 0.00000000000000000000,	 0.00000000000000000000,	 -0.01392697435850403891,	 0.05000000000000000278,	 0.00018103395570636248,	 0.00000000000000000000,	 0.00000000000000000000
6.60110000000000063380,	 2.00000000000000000000,	 1.50000000000000000000,	 7.06858347057703451100, 320961.18530716805253177881,	 1.92242059385163055474,	 0.42242059385163055474,	 11.61038692191600674164,	 1.62476517800024522487,	 0.13994065735512267734,	 240074.44020228830049745739,	 240074.44999398209620267153,	 0.00000000000000000000,	 0.00000000000000000000,	 -0.29117594308485245103,	 0.00000000000000000000,	 0.00000000000000000000,	 -0.01455879715424262220,	 0.04999999999999999584,	 0.00018924350218256657,	 0.00000000000000000000,	 0.00000000000000000000
6.60220000000000073470,	 2.00000000000000000000,	 1.50000000000000000000,	 7.06858347057703451100, 320961.18530716805253177881,	 1.92234882422960162707,	 0.42234882422960162707,	 11.60952003822844069703,	 1.70106972404924006170,	 0.14652369076825466632,	 240023.55486341594951227307,	 240023.56559801191906444728,	 0.00000000000000000000,	 0.00000000000000000000,	 -0.30488470962490449301,	 0.00000000000000000000,	 0.00000000000000000000,	 -0.01524423548124522604,	 0.05000000000000000278,	 0.00019814951943541054,	 0.00000000000000000000,	 0.00000000000000000000
6.60329999999999994742,	 2.00000000000000000000,	 1.50000000000000000000,	 7.06858347057703451100, 320961.18530716805253177881,	 1.92227391614350029414,	 0.42227391614350029414,	 11.60861528049466073753,	 1.78301851746725992243,	 0.15359441883332727863,	 239969.95843239247915335000,	 239969.97022801524144597352,	 0.00000000000000000000,	 0.00000000000000000000,	 -0.31960984861402297330,	 0.00000000000000000000,	 0.00000000000000000000,	 -0.01598049243070115075,	 0.05000000000000000971,	 0.00020771557903437256,	 0.00000000000000000000,	 0.00000000000000000000
6.60440000000000004832,	 2.00000000000000000000,	 1.50000000000000000000,	 7.06858347057703451100, 320961.18530716805253177881,	 1.92219559932609973529,	 0.42219559932609973529,	 11.60766938899045896960,	 1.87037338661297369846,	 0.16113255158584799398,	 239913.52466571284458041191,	 239913.53764756242162548006,	 0.00000000000000000000,	 0.00000000000000000000,	 -0.33530937567922697307,	 0.00000000000000000000,	 0.00000000000000000000,	 -0.01676546878396134935,	 0.05000000000000000278,	 0.00021791431835249735,	 0.00000000000000000000,	 0.00000000000000000000
6.60550000000000014921,	 2.00000000000000000000,	 1.50000000000000000000,	 7.06858347057703451100, 320961.18530716805253177881,	 1.92211361084868515015,	 0.42211361084868515015,	 11.60667919335867281916,	 1.96299464196872763821,	 0.16912629437470372284,	 239854.12599079194478690624,	 239854.14029264365672133863,	 0.00000000000000000000,	 0.00000000000000000000,	 -0.35195899643003547563,	 0.00000000000000000000,	 0.00000000000000000000,	 -0.01759794982150177448,	 0.05000000000000000278,	 0.00022872986752732724,	 0.00000000000000000000,	 0.00000000000000000000
6.60660000000000025011,	 2.00000000000000000000,	 1.50000000000000000000,	 7.06858347057703451100, 320961.18530716805253177881,	 1.92202769367978310022,	 0.42202769367978310022,	 11.60564159524412986002,	 2.06082804132975816458,	 0.17757122899385965886,	 239791.63417053534067235887,	 239791.64993630602839402854,	 0.00000000000000000000,	 0.00000000000000000000,	 -0.36954978240483915553,	 0.00000000000000000000,	 0.00000000000000000000,	 -0.01847748912024195847,	 0.05000000000000000278,	 0.00024015633769605715,	 0.00000000000000000000,	 0.00000000000000000000
6.60770000000000035101,	 2.00000000000000000000,	 1.50000000000000000000,	 7.06858347057703451100, 320961.18530716805253177881,	 1.92193759593766788640,	 0.42193759593766788640,	 11.60455355931311949291,	 2.16386038152204784879,	 0.18646649097374909387,	 239725.92273151176050305367,	 239725.94011638787924312055,	 0.00000000000000000000,	 0.00000000000000000000,	 -0.38808021939500381148,	 0.00000000000000000000,	 0.00000000000000000000,	 -0.01940401096975019266,	 0.05000000000000000278,	 0.00025219265223636056,	 0.00000000000000000000,	 0.00000000000000000000
6.60880000000000045191,	 2.00000000000000000000,	 1.50000000000000000000,	 7.06858347057703451100, 320961.18530716805253177881,	 1.92184307104976337399,	 0.42184307104976337399,	 11.60341211522845128457,	 2.27206205798592986156,	 0.19580982175097008668,	 239656.87011355467257089913,	 239656.88928429782390594482,	 0.00000000000000000000,	 0.00000000000000000000,	 -0.40754591194381623032,	 0.00000000000000000000,	 0.00000000000000000000,	 -0.02037729559719081082,	 0.04999999999999999584,	 0.00026483585558984566,	 0.00000000000000000000,	 0.00000000000000000000
6.60990000000000055280,	 2.00000000000000000000,	 1.50000000000000000000,	 7.06858347057703451100, 320961.18530716805253177881,	 1.92174387877597374619,	 0.42174387877597374619,	 11.60221437005744071769,	 2.38533527499140118877,	 0.20559310480828427159,	 239584.36299703264376148582,	 239584.38413129502441734076,	 0.00000000000000000000,	 0.00000000000000000000,	 -0.42793029202046167780,	 0.00000000000000000000,	 0.00000000000000000000,	 -0.02139651460102308389,	 0.05000000000000000278,	 0.00027807507564596646,	 0.00000000000000000000,	 0.00000000000000000000
6.61100000000000065370,	 2.00000000000000000000,	 1.50000000000000000000,	 7.06858347057703451100, 320961.18530716805253177881,	 1.92163978692167591866,	 0.42163978692167591866,	 11.60095752900441290478,	 2.50348143551504520588,	 0.21579955182629587118,	 239508.29912135048652999103,	 239508.32240607377025298774,	 0.00000000000000000000,	 0.00000000000000000000,	 -0.44919875888288240962,	 0.00000000000000000000,	 0.00000000000000000000,	 -0.02245993794414412326,	 0.05000000000000000278,	 0.00029188771680519030,	 0.00000000000000000000,	 0.00000000000000000000
6.61210000000000075460,	 2.00000000000000000000,	 1.50000000000000000000,	 7.06858347057703451100, 320961.18530716805253177881,	 1.92153057339522037594,	 0.42153057339522037594,	 11.59963892029623977464,	 2.62619510627924190871,	 0.22640317723029368402,	 239428.58907109865685924888,	 239428.61470029799966141582,	 0.00000000000000000000,	 0.00000000000000000000,	 -0.47129757988758691489,	 0.00000000000000000000,	 0.00000000000000000000,	 -0.02356487899437934713,	 0.05000000000000000278,	 0.00030623874749217196,	 0.00000000000000000000,	 0.00000000000000000000
6.61319999999999996732,	 2.00000000000000000000,	 1.50000000000000000000,	 7.06858347057703451100, 320961.18530716805253177881,	 1.92141602829030544441,	 0.42141602829030544441,	 11.59825602035885339092,	 2.75308120952476942378,	 0.23737027400431434665,	 239345.15717230469454079866,	 239345.18534462817478924990,	 0.00000000000000000000,	 0.00000000000000000000,	 -0.49415695613932958397,	 0.00000000000000000000,	 0.00000000000000000000,	 -0.02470784780696648128,	 0.05000000000000000278,	 0.00032108269426212700,	 0.00000000000000000000,	 0.00000000000000000000
6.61430000000000006821,	 2.00000000000000000000,	 1.50000000000000000000,	 7.06858347057703451100, 320961.18530716805253177881,	 1.92129595579888312606,	 0.42129595579888312606,	 11.59680647693662791653,	 2.88368502554366479274,	 0.24866199425493984432,	 239257.94183570888708345592,	 239257.97275210259249433875,	 0.00000000000000000000,	 0.00000000000000000000,	 -0.51769638822051244897,	 0.00000000000000000000,	 0.00000000000000000000,	 -0.02588481941102562314,	 0.05000000000000000278,	 0.00033636713033422308,	 0.00000000000000000000,	 0.00000000000000000000
6.61540000000000016911,	 2.00000000000000000000,	 1.50000000000000000000,	 7.06858347057703451100, 320961.18530716805253177881,	 1.92117017583620230958,	 0.42117017583620230958,	 11.59528812872434322401,	 3.01752499703599941228,	 0.26023717250810329826,	 239166.89527069483301602304,	 239166.92913238779874518514,	 0.00000000000000000000,	 0.00000000000000000000,	 -0.54183054844651290516,	 0.00000000000000000000,	 0.00000000000000000000,	 -0.02709152742232564734,	 0.05000000000000000278,	 0.00035203649285322992,	 0.00000000000000000000,	 0.00000000000000000000
6.61650000000000027001,	 2.00000000000000000000,	 1.50000000000000000000,	 7.06858347057703451100, 320961.18530716805253177881,	 1.92103852517831685809,	 0.42103852517831685809,	 11.59369901910136846368,	 3.15412419972809709989,	 0.27205503563025690283,	 239071.98221323915640823543,	 239072.01922021034988574684,	 0.00000000000000000000,	 0.00000000000000000000,	 -0.56647491877864120102,	 0.00000000000000000000,	 0.00000000000000000000,	 -0.02832374593893205797,	 0.04999999999999999584,	 0.00036803574733864416,	 0.00000000000000000000,	 0.00000000000000000000
6.61760000000000037090,	 2.00000000000000000000,	 1.50000000000000000000,	 7.06858347057703451100, 320961.18530716805253177881,	 1.92090085813192001929,	 0.42090085813192001929,	 11.59203740420879924500,	 3.29303006510865792222,	 0.28407690126267493014,	 238973.17930874589364975691,	 238973.21965858881594613194,	 0.00000000000000000000,	 0.00000000000000000000,	 -0.59154932449546671069,	 0.00000000000000000000,	 0.00000000000000000000,	 -0.02957746622477333900,	 0.05000000000000000278,	 0.00038431268440752028,	 0.00000000000000000000,	 0.00000000000000000000
6.61870000000000047180,	 2.00000000000000000000,	 1.50000000000000000000,	 7.06858347057703451100, 320961.18530716805253177881,	 1.92075704707177163932,	 0.42075704707177163932,	 11.59030175941718354693,	 3.43381587629856133148,	 0.29626630501734496637,	 238870.47515940389712341130,	 238870.51904626563191413879,	 0.00000000000000000000,	 0.00000000000000000000,	 -0.61697819715202018021,	 0.00000000000000000000,	 0.00000000000000000000,	 -0.03084890985760101179,	 0.05000000000000000278,	 0.00040081809123049700,	 0.00000000000000000000,	 0.00000000000000000000
6.61980000000000057270,	 2.00000000000000000000,	 1.50000000000000000000,	 7.06858347057703451100, 320961.18530716805253177881,	 1.92060698526640361017,	 0.42060698526640361017,	 11.58849081339637443477,	 3.57605830000823132764,	 0.30858705914270417869,	 238763.88935158587992191315,	 238763.93696457240730524063,	 0.00000000000000000000,	 0.00000000000000000000,	 -0.64268652881089194384,	 0.00000000000000000000,	 0.00000000000000000000,	 -0.03213432644054459858,	 0.05000000000000000278,	 0.00041750312415647541,	 0.00000000000000000000,	 0.00000000000000000000
6.62090000000000067359,	 2.00000000000000000000,	 1.50000000000000000000,	 7.06858347057703451100, 320961.18530716805253177881,	 1.92045058593189521545,	 0.42045058593189521545,	 11.58660353664494735426,	 3.71931183451530378292,	 0.32100104424495384814,	 238653.41750315148965455592,	 238653.46902398669044487178,	 0.00000000000000000000,	 0.00000000000000000000,	 -0.66859526945690972433,	 0.00000000000000000000,	 0.00000000000000000000,	 -0.03342976347284548622,	 0.05000000000000000278,	 0.00043431631989615418,	 0.00000000000000000000,	 0.00000000000000000000
6.62199999999999988631,	 2.00000000000000000000,	 1.50000000000000000000,	 7.06858347057703451100, 320961.18530716805253177881,	 1.92028777474592216024,	 0.42028777474592216024,	 11.58463905110850511448,	 3.86324511367194478595,	 0.33347997262826073461,	 238539.06672936026006937027,	 238539.12233380632824264467,	 0.00000000000000000000,	 0.00000000000000000000,	 -0.69464582759713566773,	 0.00000000000000000000,	 0.00000000000000000000,	 -0.03473229137985678339,	 0.05000000000000000278,	 0.00045121951119309262,	 0.00000000000000000000,	 0.00000000000000000000
6.62309999999999998721,	 2.00000000000000000000,	 1.50000000000000000000,	 7.06858347057703451100, 320961.18530716805253177881,	 1.92011849358814301603,	 0.42011849358814301603,	 11.58259667527393865782,	 4.00758799004909960217,	 0.34600082368441070768,	 238420.85947701291297562420,	 238420.91933529792004264891,	 0.00000000000000000000,	 0.00000000000000000000,	 -0.72079056545689690338,	 0.00000000000000000000,	 0.00000000000000000000,	 -0.03603952827284484517,	 0.05000000000000000278,	 0.00046818165171310917,	 0.00000000000000000000,	 0.00000000000000000000
6.62420000000000008811,	 2.00000000000000000000,	 1.50000000000000000000,	 7.06858347057703451100, 320961.18530716805253177881,	 1.91994270116388454639,	 0.41994270116388454639,	 11.58047593163377442238,	 4.15205938500832250071,	 0.35853961525591199200,	 238298.82905901392223313451,	 238298.89333434178843162954,	 0.00000000000000000000,	 0.00000000000000000000,	 -0.74697982400946116854,	 0.00000000000000000000,	 0.00000000000000000000,	 -0.03734899120047305981,	 0.05000000000000000278,	 0.00048517038811309320,	 0.00000000000000000000,	 0.00000000000000000000
6.62530000000000018900,	 2.00000000000000000000,	 1.50000000000000000000,	 7.06858347057703451100, 320961.18530716805253177881,	 1.91976037309211888804,	 0.41976037309211888804,	 11.57827654767471514674,	 4.29634004860590223984,	 0.37106904735910317683,	 238173.01795712721650488675,	 238173.08680324617307633162,	 0.00000000000000000000,	 0.00000000000000000000,	 -0.77315700971872813874,	 0.00000000000000000000,	 0.00000000000000000000,	 -0.03865785048593640971,	 0.05000000000000000278,	 0.00050214887019847871,	 0.00000000000000000000,	 0.00000000000000000000
6.62640000000000028990,	 2.00000000000000000000,	 1.50000000000000000000,	 7.06858347057703451100, 320961.18530716805253177881,	 1.91957150159053435701,	 0.41957150159053435701,	 11.57599845199585786304,	 4.44007569318047856655,	 0.38355876701201091494,	 238043.47675717857782728970,	 238043.55031584243988618255,	 0.00000000000000000000,	 0.00000000000000000000,	 -0.79925914027000022344,	 0.00000000000000000000,	 0.00000000000000000000,	 -0.03996295701350001395,	 0.05000000000000000278,	 0.00051907610733268141,	 0.00000000000000000000,	 0.00000000000000000000
6.62750000000000039080,	 2.00000000000000000000,	 1.50000000000000000000,	 7.06858347057703451100, 320961.18530716805253177881,	 1.91937609508129725100,	 0.41937609508129725100,	 11.57364176946235900800,	 4.58289288483058854240,	 0.39597673542331196517,	 237910.26411408843705430627,	 237910.34251287594088353217,	 0.00000000000000000000,	 0.00000000000000000000,	 -0.82521968766426667674,	 0.00000000000000000000,	 0.00000000000000000000,	 -0.04126098438321333661,	 0.05000000000000000278,	 0.00053590881677572386,	 0.00000000000000000000,	 0.00000000000000000000
6.62860000000000049170,	 2.00000000000000000000,	 1.50000000000000000000,	 7.06858347057703451100, 320961.18530716805253177881,	 1.91917417792888000960,	 0.41917417792888000960,	 11.57120681794442340617,	 4.72441540646584101637,	 0.40829063733778409029,	 237773.44699475419474765658,	 237773.53034537646453827620,	 0.00000000000000000000,	 0.00000000000000000000,	 -0.85097151062838927160,	 0.00000000000000000000,	 0.00000000000000000000,	 -0.04254857553141946913,	 0.05000000000000000971,	 0.00055260332955179019,	 0.00000000000000000000,	 0.00000000000000000000
6.62970000000000059259,	 2.00000000000000000000,	 1.50000000000000000000,	 7.06858347057703451100, 320961.18530716805253177881,	 1.91896578985155041863,	 0.41896578985155041863,	 11.56869410111367457716,	 4.86428951968234368763,	 0.42047006145785087439,	 237633.09791218859027139843,	 237633.18630972487153485417,	 0.00000000000000000000,	 0.00000000000000000000,	 -0.87645139622917000999,	 0.00000000000000000000,	 0.00000000000000000000,	 -0.04382256981145850327,	 0.05000000000000000278,	 0.00056911854061783053,	 0.00000000000000000000,	 0.00000000000000000000
6.63080000000000069349,	 2.00000000000000000000,	 1.50000000000000000000,	 7.06858347057703451100, 320961.18530716805253177881,	 1.91875098544114597310,	 0.41875098544114597310,	 11.56610430254002963579,	 5.00219008587024838164,	 0.43248702891013340865,	 237489.29897720043663866818,	 237489.39249971552635543048,	 0.00000000000000000000,	 0.00000000000000000000,	 -0.90160116073779938972,	 0.00000000000000000000,	 0.00000000000000000000,	 -0.04508005803688996949,	 0.05000000000000000278,	 0.00058541662393259489,	 0.00000000000000000000,	 0.00000000000000000000
6.63189999999999990621,	 2.00000000000000000000,	 1.50000000000000000000,	 7.06858347057703451100, 320961.18530716805253177881,	 1.91852983492234341334,	 0.41852983492234341334,	 11.56343829472485218446,	 5.13778922383000935525,	 0.44431328233695227548,	 237342.14344465624890290201,	 237342.24215180266764946282,	 0.00000000000000000000,	 0.00000000000000000000,	 -0.92636199708603805814,	 0.00000000000000000000,	 0.00000000000000000000,	 -0.04631809985430190152,	 0.04999999999999999584,	 0.00060145936258858702,	 0.00000000000000000000,	 0.00000000000000000000
6.63300000000000000711,	 2.00000000000000000000,	 1.50000000000000000000,	 7.06858347057703451100, 320961.18530716805253177881,	 1.91830242437944553657,	 0.41830242437944553657,	 11.56069714170081041971,	 5.27074986604691542169,	 0.45591972538011510396,	 237191.73339269391726702452,	 237191.83732409190270118415,	 0.00000000000000000000,	 0.00000000000000000000,	 -0.95067330278248740605,	 0.00000000000000000000,	 0.00000000000000000000,	 -0.04753366513912437447,	 0.05000000000000000278,	 0.00061720738893406273,	 0.00000000000000000000,	 0.00000000000000000000
6.63410000000000010800,	 2.00000000000000000000,	 1.50000000000000000000,	 7.06858347057703451100, 320961.18530716805253177881,	 1.91806885545273009264,	 0.41806885545273009264,	 11.55788209522815535024,	 5.40073498862052847613,	 0.46727721775690228556,	 237038.17822854497353546321,	 237038.28740254408330656588,	 0.00000000000000000000,	 0.00000000000000000000,	 -0.97447433428370600073,	 0.00000000000000000000,	 0.00000000000000000000,	 -0.04872371671418530142,	 0.05000000000000000278,	 0.00063262125978323408,	 0.00000000000000000000,	 0.00000000000000000000
6.63520000000000020890,	 2.00000000000000000000,	 1.50000000000000000000,	 7.06858347057703451100, 320961.18530716805253177881,	 1.91782924474243388069,	 0.41782924474243388069,	 11.55499458746196239645,	 5.52742145474917823122,	 0.47835777099773341137,	 236881.59359100338770076632,	 236881.70800408191280439496,	 0.00000000000000000000,	 0.00000000000000000000,	 -0.99770669846465354080,	 0.00000000000000000000,	 0.00000000000000000000,	 -0.04988533492323268120,	 0.05000000000000000278,	 0.00064766307456322445,	 0.00000000000000000000,	 0.00000000000000000000
6.63630000000000030980,	 2.00000000000000000000,	 1.50000000000000000000,	 7.06858347057703451100, 320961.18530716805253177881,	 1.91758372303555368887,	 0.41758372303555368887,	 11.55203622148178688178,	 5.65051254534518676564,	 0.48913563262878967386,	 236722.10040924875647760928,	 236722.22003608231898397207,	 0.00000000000000000000,	 0.00000000000000000000,	 -1.02031661356508229765,	 0.00000000000000000000,	 0.00000000000000000000,	 -0.05101583067825411072,	 0.04999999999999999584,	 0.00066229794311999438,	 0.00000000000000000000,	 0.00000000000000000000
6.63740000000000041069,	 2.00000000000000000000,	 1.50000000000000000000,	 7.06858347057703451100, 320961.18530716805253177881,	 1.91733243439986122958,	 0.41733243439986122958,	 11.54900876022147393485,	 5.76974623015375875923,	 0.49958800360656346884,	 236559.82397446603863500059,	 236559.94876855271286331117,	 0.00000000000000000000,	 0.00000000000000000000,	 -1.04225640716903211747,	 0.00000000000000000000,	 0.00000000000000000000,	 -0.05211282035845161281,	 0.05000000000000000971,	 0.00067649495760817812,	 0.00000000000000000000,	 0.00000000000000000000
6.63850000000000051159,	 2.00000000000000000000,	 1.50000000000000000000,	 7.06858347057703451100, 320961.18530716805253177881,	 1.91707553516458717446,	 0.41707553516458717446,	 11.54591411403589340523,	 5.88489840809048203596,	 0.50969532164945285935,	 236394.89299102290533483028,	 236395.02288568337098695338,	 0.00000000000000000000,	 0.00000000000000000000,	 -1.06348511010692936551,	 0.00000000000000000000,	 0.00000000000000000000,	 -0.05317425550534646966,	 0.05000000000000000278,	 0.00069022757706670807,	 0.00000000000000000000,	 0.00000000000000000000
6.63960000000000061249,	 2.00000000000000000000,	 1.50000000000000000000,	 7.06858347057703451100, 320961.18530716805253177881,	 1.91681319279394313249,	 0.41681319279394313249,	 11.54275432698141123922,	 5.99578227737048496948,	 0.51944121026254785889,	 236227.43861711767385713756,	 236227.57352670314139686525,	 0.00000000000000000000,	 0.00000000000000000000,	 -1.08396835375576983118,	 0.00000000000000000000,	 0.00000000000000000000,	 -0.05419841768778849156,	 0.05000000000000000278,	 0.00070347355958017162,	 0.00000000000000000000,	 0.00000000000000000000
6.64070000000000071338,	 2.00000000000000000000,	 1.50000000000000000000,	 7.06858347057703451100, 320961.18530716805253177881,	 1.91654558473773661831,	 0.41654558473773661831,	 11.53953156282696923540,	 6.10224354711556671305,	 0.52881206779425204978,	 236057.59396784965065307915,	 236057.73378895118366926908,	 0.00000000000000000000,	 0.00000000000000000000,	 -1.10367751647632328371,	 0.00000000000000000000,	 0.00000000000000000000,	 -0.05518387582381616835,	 0.05000000000000000278,	 0.00071621440704217054,	 0.00000000000000000000,	 0.00000000000000000000
6.64179999999999992610,	 2.00000000000000000000,	 1.50000000000000000000,	 7.06858347057703451100, 320961.18530716805253177881,	 1.91627289736523098718,	 0.41627289736523098718,	 11.53624809207554058332,	 6.20415228826502040960,	 0.53779636487938964340,	 235885.49378393113147467375,	 235885.63839639615616761148,	 0.00000000000000000000,	 0.00000000000000000000,	 -1.12258826103282016717,	 0.00000000000000000000,	 0.00000000000000000000,	 -0.05612941305164100697,	 0.04999999999999999584,	 0.00072843441483403499,	 0.00000000000000000000,	 0.00000000000000000000
6.64290000000000002700,	 2.00000000000000000000,	 1.50000000000000000000,	 7.06858347057703451100, 320961.18530716805253177881,	 1.91599532491266733025,	 0.41599532491266733025,	 11.53290627915828281402,	 6.30139718718335384295,	 0.54638414937706880625,	 235711.27361092981300316751,	 235711.42287874914472922683,	 0.00000000000000000000,	 0.00000000000000000000,	 -1.14067950432389175752,	 0.00000000000000000000,	 0.00000000000000000000,	 -0.05703397521619459065,	 0.05000000000000000278,	 0.00074012000228800489,	 0.00000000000000000000,	 0.00000000000000000000
6.64400000000000012790,	 2.00000000000000000000,	 1.50000000000000000000,	 7.06858347057703451100, 320961.18530716805253177881,	 1.91571306846205913210,	 0.41571306846205913210,	 11.52950857001438578209,	 6.39388158653181548630,	 0.55456670574501665261,	 235535.07007624715333804488,	 235535.22384836271521635354,	 0.00000000000000000000,	 0.00000000000000000000,	 -1.15793270897342615022,	 0.00000000000000000000,	 0.00000000000000000000,	 -0.05789663544867131029,	 0.05000000000000000278,	 0.00075125925216641481,	 0.00000000000000000000,	 0.00000000000000000000
6.64510000000000022879,	 2.00000000000000000000,	 1.50000000000000000000,	 7.06858347057703451100, 320961.18530716805253177881,	 1.91542633514602855804,	 0.41542633514602855804,	 11.52605748240117300440,	 6.48151850201637635962,	 0.56233612507250052559,	 235357.02019006706541404128,	 235357.17830102585139684379,	 0.00000000000000000000,	 0.00000000000000000000,	 -1.17433098784167855300,	 0.00000000000000000000,	 0.00000000000000000000,	 -0.05871654939208392765,	 0.05000000000000000278,	 0.00076184132893826646,	 0.00000000000000000000,	 0.00000000000000000000
6.64620000000000032969,	 2.00000000000000000000,	 1.50000000000000000000,	 7.06858347057703451100, 320961.18530716805253177881,	 1.91513533722745843413,	 0.41513533722745843413,	 11.52255559470620127627,	 6.56423319166899155164,	 0.56968553006459710097,	 235177.26128751854412257671,	 235177.42355832012253813446,	 0.00000000000000000000,	 0.00000000000000000000,	 -1.18985957595943236953,	 0.00000000000000000000,	 0.00000000000000000000,	 -0.05949297879797162819,	 0.05000000000000000971,	 0.00077185678426734629,	 0.00000000000000000000,	 0.00000000000000000000
6.64730000000000043059,	 2.00000000000000000000,	 1.50000000000000000000,	 7.06858347057703451100, 320961.18530716805253177881,	 1.91484029147974621488,	 0.41484029147974621488,	 11.51900553838643403992,	 6.64195958936692854024,	 0.57660876776497538287,	 234995.93138756902772001922,	 234996.09762640454573556781,	 0.00000000000000000000,	 0.00000000000000000000,	 -1.20450519101911068809,	 0.00000000000000000000,	 0.00000000000000000000,	 -0.06022525955095554134,	 0.05000000000000000278,	 0.00078129714143024449,	 0.00000000000000000000,	 0.00000000000000000000
6.64840000000000053149,	 2.00000000000000000000,	 1.50000000000000000000,	 7.06858347057703451100, 320961.18530716805253177881,	 1.91454141855619397461,	 0.41454141855619397461,	 11.51540999028455836140,	 6.71464147418865575645,	 0.58310051312577970695,	 234813.16831445181742310524,	 234813.33831755601568147540,	 0.00000000000000000000,	 0.00000000000000000000,	 -1.21825625180887686660,	 0.00000000000000000000,	 0.00000000000000000000,	 -0.06091281259044384333,	 0.05000000000000000278,	 0.00079015503633088552,	 0.00000000000000000000,	 0.00000000000000000000
6.64950000000000063238,	 2.00000000000000000000,	 1.50000000000000000000,	 7.06858347057703451100, 320961.18530716805253177881,	 1.91423894212582568208,	 0.41423894212582568208,	 11.51177166214449165693,	 6.78224115376752489937,	 0.58915702576610029517,	 234629.10830610766424797475,	 234629.28185910815955139697,	 0.00000000000000000000,	 0.00000000000000000000,	 -1.23110446204134116321,	 0.00000000000000000000,	 0.00000000000000000000,	 -0.06155522310206706926,	 0.05000000000000000971,	 0.00079842524387443038,	 0.00000000000000000000,	 0.00000000000000000000
6.65060000000000073328,	 2.00000000000000000000,	 1.50000000000000000000,	 7.06858347057703451100, 320961.18530716805253177881,	 1.91393308777670112519,	 0.41393308777670112519,	 11.50809328734256631321,	 6.84475078083809940210,	 0.59477713726620995427,	 234443.88477013271767646074,	 234444.06165005423827096820,	 0.00000000000000000000,	 0.00000000000000000000,	 -1.24304687779263201008,	 0.00000000000000000000,	 0.00000000000000000000,	 -0.06215234388963160328,	 0.05000000000000000278,	 0.00080610601737314742,	 0.00000000000000000000,	 0.00000000000000000000
6.65169999999999994600,	 2.00000000000000000000,	 1.50000000000000000000,	 7.06858347057703451100, 320961.18530716805253177881,	 1.91362408182529097900,	 0.41362408182529097900,	 11.50437760650415697228,	 6.90219945920896815750,	 0.59996287459364294747,	 234257.62754226336255669594,	 234257.80751998879713937640,	 0.00000000000000000000,	 0.00000000000000000000,	 -1.25408721658931998633,	 0.00000000000000000000,	 0.00000000000000000000,	 -0.06270436082946599654,	 0.04999999999999999584,	 0.00081319993548254193,	 0.00000000000000000000,	 0.00000000000000000000
6.65280000000000004690,	 2.00000000000000000000,	 1.50000000000000000000,	 7.06858347057703451100, 320961.18530716805253177881,	 1.91331215018591671573,	 0.41331215018591671573,	 11.50062735385902357166,	 6.95465223948277344590,	 0.60471937969098243926,	 234070.46262194198789075017,	 234070.64546470608911477029,	 0.00000000000000000000,	 0.00000000000000000000,	 -1.26423569647476874422,	 0.00000000000000000000,	 0.00000000000000000000,	 -0.06321178482373843166,	 0.04999999999999999584,	 0.00081971379552982487,	 0.00000000000000000000,	 0.00000000000000000000
6.65390000000000014779,	 2.00000000000000000000,	 1.50000000000000000000,	 7.06858347057703451100, 320961.18530716805253177881,	 1.91299751738002732360,	 0.41299751738002732360,	 11.49684524529387630309,	 7.00220209678225646854,	 0.60905421856039521078,	 233882.51208754754043184221,	 233882.69756106811109930277,	 0.00000000000000000000,	 0.00000000000000000000,	 -1.27350759847202277264,	 0.00000000000000000000,	 0.00000000000000000000,	 -0.06367537992360114418,	 0.05000000000000000278,	 0.00082565767919824749,	 0.00000000000000000000,	 0.00000000000000000000
6.65500000000000024869,	 2.00000000000000000000,	 1.50000000000000000000,	 7.06858347057703451100, 320961.18530716805253177881,	 1.91268040566807195901,	 0.41268040566807195901,	 11.49303396789337483597,	 7.04495960159449285953,	 0.61297648830370632389,	 233693.89398288703523576260,	 233694.08185297463205642998,	 0.00000000000000000000,	 0.00000000000000000000,	 -1.28192140513846575267,	 0.00000000000000000000,	 0.00000000000000000000,	 -0.06409607025692329318,	 0.05000000000000000278,	 0.00083104374384411191,	 0.00000000000000000000,	 0.00000000000000000000
6.65610000000000034959,	 2.00000000000000000000,	 1.50000000000000000000,	 7.06858347057703451100, 320961.18530716805253177881,	 1.91236103432868831398,	 0.41236103432868831398,	 11.48919617126526482309,	 7.08304267632634854124,	 0.61649592980588108215,	 233504.72252900918829254806,	 233504.91256262492970563471,	 0.00000000000000000000,	 0.00000000000000000000,	 -1.28949694903670697421,	 0.00000000000000000000,	 0.00000000000000000000,	 -0.06447484745183534871,	 0.05000000000000000278,	 0.00083588502085294965,	 0.00000000000000000000,	 0.00000000000000000000
6.65720000000000045048,	 2.00000000000000000000,	 1.50000000000000000000,	 7.06858347057703451100, 320961.18530716805253177881,	 1.91203961914640840902,	 0.41203961914640840902,	 11.48533446138284652704,	 7.11656736463215278121,	 0.61962212668339744503,	 233315.10853796222363598645,	 233315.30050375216524116695,	 0.00000000000000000000,	 0.00000000000000000000,	 -1.29625373967933854580,	 0.00000000000000000000,	 0.00000000000000000000,	 -0.06481268698396693007,	 0.05000000000000000278,	 0.00084019433032264917,	 0.00000000000000000000,	 0.00000000000000000000
6.65830000000000055138,	 2.00000000000000000000,	 1.50000000000000000000,	 7.06858347057703451100, 320961.18530716805253177881,	 1.91171637206850442148,	 0.41171637206850442148,	 11.48145139646897661123,	 7.14564236653203899152,	 0.62236403045085575414,	 233125.15962955748545937240,	 233125.35329805067158304155,	 0.00000000000000000000,	 0.00000000000000000000,	 -1.30220997119452208679,	 0.00000000000000000000,	 0.00000000000000000000,	 -0.06511049855972610156,	 0.04999999999999999584,	 0.00084398363753052780,	 0.00000000000000000000,	 0.00000000000000000000
6.65940000000000065228,	 2.00000000000000000000,	 1.50000000000000000000,	 7.06858347057703451100, 320961.18530716805253177881,	 1.91139150091316389890,	 0.41139150091316389890,	 11.47754948350429415882,	 7.17036987116784452212,	 0.62473003331183263320,	 232934.98003444704227149487,	 232935.17517825431423261762,	 0.00000000000000000000,	 0.00000000000000000000,	 -1.30738267490123072356,	 0.00000000000000000000,	 0.00000000000000000000,	 -0.06536913374506153618,	 0.05000000000000000278,	 0.00084726415173230762,	 0.00000000000000000000,	 0.00000000000000000000
6.66050000000000075318,	 2.00000000000000000000,	 1.50000000000000000000,	 7.06858347057703451100, 320961.18530716805253177881,	 1.91106520900742427038,	 0.41106520900742427038,	 11.47363117389902065213,	 7.19085281319749647366,	 0.62672860092938376120,	 232744.67000072845257818699,	 232744.86639509806991554797,	 0.00000000000000000000,	 0.00000000000000000000,	 -1.31178904409001573228,	 0.00000000000000000000,	 0.00000000000000000000,	 -0.06558945220450079772,	 0.05000000000000000971,	 0.00085004718451603541,	 0.00000000000000000000,	 0.00000000000000000000
6.66159999999999996589,	 2.00000000000000000000,	 1.50000000000000000000,	 7.06858347057703451100, 320961.18530716805253177881,	 1.91073769468284915263,	 0.41073769468284915263,	 11.46969885746465855902,	 7.20720592965454454060,	 0.62836923786922116442,	 232554.32497893917025066912,	 232554.52240288871689699590,	 0.00000000000000000000,	 0.00000000000000000000,	 -1.31544845662035259082,	 0.00000000000000000000,	 0.00000000000000000000,	 -0.06577242283101764064,	 0.05000000000000000971,	 0.00085234545985649805,	 0.00000000000000000000,	 0.00000000000000000000
6.66270000000000006679,	 2.00000000000000000000,	 1.50000000000000000000,	 7.06858347057703451100, 320961.18530716805253177881,	 1.91040915062135474578,	 0.41040915062135474578,	 11.46575485459634080598,	 7.21956653578133522586,	 0.62966343056664841882,	 232364.03477959026349708438,	 232364.23301760817412286997,	 0.00000000000000000000,	 0.00000000000000000000,	 -1.31838445259090675243,	 0.00000000000000000000,	 0.00000000000000000000,	 -0.06591922262954533207,	 0.04999999999999999584,	 0.00085417439437023891,	 0.00000000000000000000,	 0.00000000000000000000
6.66380000000000016769,	 2.00000000000000000000,	 1.50000000000000000000,	 7.06858347057703451100, 320961.18530716805253177881,	 1.91007976308993443482,	 0.41007976308993443482,	 11.46180140713294903776,	 7.22810140974122106172,	 0.63062525278469783174,	 232173.88284885403118096292,	 232174.08169295874540694058,	 0.00000000000000000000,	 0.00000000000000000000,	 -1.32062600729204282501,	 0.00000000000000000000,	 0.00000000000000000000,	 -0.06603130036460214125,	 0.05000000000000000278,	 0.00085555292035368246,	 0.00000000000000000000,	 0.00000000000000000000
6.66490000000000026859,	 2.00000000000000000000,	 1.50000000000000000000,	 7.06858347057703451100, 320961.18530716805253177881,	 1.90974971113344627049,	 0.40974971113344627049,	 11.45784066872631434819,	 7.23300771368170103415,	 0.63127145182109978272,	 231983.94579429688747040927,	 231984.14504611984011717141,	 0.00000000000000000000,	 0.00000000000000000000,	 -1.32220771788243807165,	 0.00000000000000000000,	 0.00000000000000000000,	 -0.06611038589412190913,	 0.05000000000000000278,	 0.00085650360472748184,	 0.00000000000000000000,	 0.00000000000000000000
6.66600000000000036948,	 2.00000000000000000000,	 1.50000000000000000000,	 7.06858347057703451100, 320961.18530716805253177881,	 1.90941916580231896283,	 0.40941916580231896283,	 11.45387469564206028849,	 7.23450803647162032917,	 0.63162102159404509560,	 231794.29314138222252950072,	 231794.49261393968481570482,	 0.00000000000000000000,	 0.00000000000000000000,	 -1.32316891525207691593,	 0.00000000000000000000,	 0.00000000000000000000,	 -0.06615844576260385135,	 0.05000000000000000278,	 0.00085705207175806202,	 0.00000000000000000000,	 0.00000000000000000000
6.66710000000000047038,	 2.00000000000000000000,	 1.50000000000000000000,	 7.06858347057703451100, 320961.18530716805253177881,	 1.90908828945979069935,	 0.40908828945979069935,	 11.44990543852641629030,	 7.23284191363602690927,	 0.63169446703892440098,	 231604.98727349369437433779,	 231605.18679244353552348912,	 0.00000000000000000000,	 0.00000000000000000000,	 -1.32355212805306821089,	 0.00000000000000000000,	 0.00000000000000000000,	 -0.06617760640265341054,	 0.05000000000000000278,	 0.00085722600653795214,	 0.00000000000000000000,	 0.00000000000000000000
6.66820000000000057128,	 2.00000000000000000000,	 1.50000000000000000000,	 7.06858347057703451100, 320961.18530716805253177881,	 1.90875723522341722571,	 0.40875723522341722571,	 11.44593473579418940744,	 7.22825587348532927479,	 0.63151293802862906723,	 231416.08367283901316113770,	 231416.28307713445974513888,	 0.00000000000000000000,	 0.00000000000000000000,	 -1.32340127151834785479,	 0.00000000000000000000,	 0.00000000000000000000,	 -0.06617006357591739829,	 0.05000000000000000278,	 0.00085705398081218503,	 0.00000000000000000000,	 0.00000000000000000000
6.66930000000000067217,	 2.00000000000000000000,	 1.50000000000000000000,	 7.06858347057703451100, 320961.18530716805253177881,	 1.90842614660628662193,	 0.40842614660628662193,	 11.44196430942013975596,	 7.22099335817188414666,	 0.63109735032356806261,	 231227.63146536814747378230,	 231227.83060730094439350069,	 0.00000000000000000000,	 0.00000000000000000000,	 -1.32275980696624806399,	 0.00000000000000000000,	 0.00000000000000000000,	 -0.06613799034831240042,	 0.04999999999999999584,	 0.00085656426051090395,	 0.00000000000000000000,	 0.00000000000000000000
6.67039999999999988489,	 2.00000000000000000000,	 1.50000000000000000000,	 7.06858347057703451100, 320961.18530716805253177881,	 1.90809515738179302780,	 0.40809515738179302780,	 11.43799576341669954616,	 7.21128626673088568566,	 0.63046764624581108638,	 231039.67406606918666511774,	 231039.87281079567037522793,	 0.00000000000000000000,	 0.00000000000000000000,	 -1.32166919203529031890,	 0.00000000000000000000,	 0.00000000000000000000,	 -0.06608345960176452427,	 0.05000000000000000971,	 0.00085578380223526372,	 0.00000000000000000000,	 0.00000000000000000000
6.67149999999999998579,	 2.00000000000000000000,	 1.50000000000000000000,	 7.06858347057703451100, 320961.18530716805253177881,	 1.90776439163113042952,	 0.40776439163113042952,	 11.43403058450477693953,	 7.19935013856351790906,	 0.62964237198385375471,	 230852.24972793186316266656,	 230852.44795269015594385564,	 0.00000000000000000000,	 0.00000000000000000000,	 -1.32016799295747877530,	 0.00000000000000000000,	 0.00000000000000000000,	 -0.06600839964787394432,	 0.05000000000000000278,	 0.00085473767897295463,	 0.00000000000000000000,	 0.00000000000000000000
6.67260000000000008669,	 2.00000000000000000000,	 1.50000000000000000000,	 7.06858347057703451100, 320961.18530716805253177881,	 1.90743396390877428814,	 0.40743396390877428814,	 11.43007014419903910607,	 7.18538374653095068822,	 0.62863863964803912143,	 230665.39192927765543572605,	 230665.58952254729229025543,	 0.00000000000000000000,	 0.00000000000000000000,	 -1.31829180258447919982,	 0.00000000000000000000,	 0.00000000000000000000,	 -0.06591459012922395999,	 0.05000000000000000278,	 0.00085344902780357568,	 0.00000000000000000000,	 0.00000000000000000000
6.67370000000000018758,	 2.00000000000000000000,	 1.50000000000000000000,	 7.06858347057703451100, 320961.18530716805253177881,	 1.90710397945452125867,	 0.40710397945452125867,	 11.42611570144967814144,	 7.16957266424501593605,	 0.62747243696607968300,	 230479.12954525634995661676,	 230479.32640608592191711068,	 0.00000000000000000000,	 0.00000000000000000000,	 -1.31607388737252239963,	 0.00000000000000000000,	 0.00000000000000000000,	 -0.06580369436862612553,	 0.05000000000000000278,	 0.00085193946954516611,	 0.00000000000000000000,	 0.00000000000000000000
6.67480000000000028848,	 2.00000000000000000000,	 1.50000000000000000000,	 7.06858347057703451100, 320961.18530716805253177881,	 1.90677453439077804198,	 0.40677453439077804198,	 11.42216840510533515385,	 7.15209533292219212797,	 0.62615915641074249010,	 230293.48683826639899052680,	 230293.68287591097760014236,	 0.00000000000000000000,	 0.00000000000000000000,	 -1.31354629531131794629,	 0.00000000000000000000,	 0.00000000000000000000,	 -0.06567731476556590287,	 0.05000000000000000278,	 0.00085022982655836329,	 0.00000000000000000000,	 0.00000000000000000000
6.67590000000000038938,	 2.00000000000000000000,	 1.50000000000000000000,	 7.06858347057703451100, 320961.18530716805253177881,	 1.90644571586000299845,	 0.40644571586000299845,	 11.41822929565685917908,	 7.13312987540187570801,	 0.62471419085226265189,	 230108.48320902077830396593,	 230108.67834293091436848044,	 0.00000000000000000000,	 0.00000000000000000000,	 -1.31074110456998216279,	 0.00000000000000000000,	 0.00000000000000000000,	 -0.06553705522849910536,	 0.04999999999999999584,	 0.00084834093125752709,	 0.00000000000000000000,	 0.00000000000000000000
6.67700000000000049027,	 2.00000000000000000000,	 1.50000000000000000000,	 7.06858347057703451100, 320961.18530716805253177881,	 1.90611760190624313083,	 0.40611760190624313083,	 11.41429930391469405038,	 7.11286494529693413824,	 0.62315388408095073736,	 229924.13187784430920146406,	 229924.32603822593227960169,	 0.00000000000000000000,	 0.00000000000000000000,	 -1.30769241825951509917,	 0.00000000000000000000,	 0.00000000000000000000,	 -0.06538462091297575496,	 0.05000000000000000278,	 0.00084629491702450216,	 0.00000000000000000000,	 0.00000000000000000000
6.67810000000000059117,	 2.00000000000000000000,	 1.50000000000000000000,	 7.06858347057703451100, 320961.18530716805253177881,	 1.90579026135907736439,	 0.40579026135907736439,	 11.41037924971635852955,	 7.09150169190323520496,	 0.62149570463045888946,	 229740.44143718603299930692,	 229740.63456564146326854825,	 0.00000000000000000000,	 0.00000000000000000000,	 -1.30443673101205015463,	 0.00000000000000000000,	 0.00000000000000000000,	 -0.06522183655060251328,	 0.05000000000000000278,	 0.00084411545485818301,	 0.00000000000000000000,	 0.00000000000000000000
6.67920000000000069207,	 2.00000000000000000000,	 1.50000000000000000000,	 7.06858347057703451100, 320961.18530716805253177881,	 1.90546375422572022984,	 0.40546375422572022984,	 11.40646984671903574338,	 7.06923920801048577545,	 0.61975697152646103127,	 229557.41673934418940916657,	 229557.60878869605949148536,	 0.00000000000000000000,	 0.00000000000000000000,	 -1.30101025569661921111,	 0.00000000000000000000,	 0.00000000000000000000,	 -0.06505051278483095500,	 0.04999999999999999584,	 0.00084182602307184581,	 0.00000000000000000000,	 0.00000000000000000000
6.68029999999999990479,	 2.00000000000000000000,	 1.50000000000000000000,	 7.06858347057703451100, 320961.18530716805253177881,	 1.90513813192451042511,	 0.40513813192451042511,	 11.40257170528824559597,	 7.04626873379685125798,	 0.61795434538060889373,	 229375.05820532600046135485,	 229375.24913911247858777642,	 0.00000000000000000000,	 0.00000000000000000000,	 -1.29744785435871956558,	 0.00000000000000000000,	 0.00000000000000000000,	 -0.06487239271793598938,	 0.05000000000000000971,	 0.00083944921579193676,	 0.00000000000000000000,	 0.00000000000000000000
6.68140000000000000568,	 2.00000000000000000000,	 1.50000000000000000000,	 7.06858347057703451100, 320961.18530716805253177881,	 1.90481343739878195009,	 0.40481343739878195009,	 11.39868533395155303367,	 7.02277297330032990175,	 0.61610376701799551835,	 229193.36177439070888794959,	 229193.55156631657155230641,	 0.00000000000000000000,	 0.00000000000000000000,	 -1.29378290791427508211,	 0.00000000000000000000,	 0.00000000000000000000,	 -0.06468914539571375688,	 0.05000000000000000278,	 0.00083700665911617294,	 0.00000000000000000000,	 0.00000000000000000000
6.68250000000000010658,	 2.00000000000000000000,	 1.50000000000000000000,	 7.06858347057703451100, 320961.18530716805253177881,	 1.90448970613081192127,	 0.40448970613081192127,	 11.39481115162086766190,	 6.99892683310390761875,	 0.61422052019776895992,	 229012.32544755502021871507,	 229012.51408097872626967728,	 0.00000000000000000000,	 0.00000000000000000000,	 -1.29004744571841833967,	 0.00000000000000000000,	 0.00000000000000000000,	 -0.06450237228592092809,	 0.05000000000000000971,	 0.00083451909562745673,	 0.00000000000000000000,	 0.00000000000000000000
6.68360000000000020748,	 2.00000000000000000000,	 1.50000000000000000000,	 7.06858347057703451100, 320961.18530716805253177881,	 1.90416696506313765092,	 0.40416696506313765092,	 11.39094947476501040740,	 6.97489873756307510178,	 0.61231934642629637366,	 228831.92870507389307022095,	 228832.11617256488534621894,	 0.00000000000000000000,	 0.00000000000000000000,	 -1.28627238611083316577,	 0.00000000000000000000,	 0.00000000000000000000,	 -0.06431361930554166384,	 0.05000000000000000278,	 0.00083200654019095755,	 0.00000000000000000000,	 0.00000000000000000000
6.68470000000000030838,	 2.00000000000000000000,	 1.50000000000000000000,	 7.06858347057703451100, 320961.18530716805253177881,	 1.90384523176235442854,	 0.40384523176235442854,	 11.38710050749542368465,	 6.95085219832179035393,	 0.61041458216219957045,	 228652.15509762868168763816,	 228652.34140060973004437983,	 0.00000000000000000000,	 0.00000000000000000000,	 -1.28248782406992201111,	 0.00000000000000000000,	 0.00000000000000000000,	 -0.06412439120349611166,	 0.05000000000000000971,	 0.00082948846619984357,	 0.00000000000000000000,	 0.00000000000000000000
6.68580000000000040927,	 2.00000000000000000000,	 1.50000000000000000000,	 7.06858347057703451100, 320961.18530716805253177881,	 1.90352451631652042074,	 0.40352451631652042074,	 11.38326436435563593363,	 6.92694759555605532597,	 0.60852031314026011621,	 228472.98480821278644725680,	 228473.16995669854804873466,	 0.00000000000000000000,	 0.00000000000000000000,	 -1.27872335328319897130,	 0.00000000000000000000,	 0.00000000000000000000,	 -0.06393616766415995134,	 0.05000000000000000278,	 0.00082698401458232386,	 0.00000000000000000000,	 0.00000000000000000000
6.68690000000000051017,	 2.00000000000000000000,	 1.50000000000000000000,	 7.06858347057703451100, 320961.18530716805253177881,	 1.90320482125175916011,	 0.40320482125175916011,	 11.37944106940022948038,	 6.90334437128078270973,	 0.60665056650665827309,	 228294.39369986369274556637,	 228294.57771231862716376781,	 0.00000000000000000000,	 0.00000000000000000000,	 -1.27500846936202583137,	 0.00000000000000000000,	 0.00000000000000000000,	 -0.06375042346810129434,	 0.05000000000000000278,	 0.00082451225474100727,	 0.00000000000000000000,	 0.00000000000000000000
6.68800000000000061107,	 2.00000000000000000000,	 1.50000000000000000000,	 7.06858347057703451100, 320961.18530716805253177881,	 1.90288614174222736608,	 0.40288614174222736608,	 11.37563055878159623546,	 6.88019493035459284158,	 0.60481877420353802322,	 228116.35472846741322427988,	 228116.53763134221662767231,	 0.00000000000000000000,	 0.00000000000000000000,	 -1.27137144138279012395,	 0.00000000000000000000,	 0.00000000000000000000,	 -0.06356857206913950342,	 0.04999999999999999584,	 0.00082209145501653470,	 0.00000000000000000000,	 0.00000000000000000000
6.68910000000000071196,	 2.00000000000000000000,	 1.50000000000000000000,	 7.06858347057703451100, 320961.18530716805253177881,	 1.90256846609519869595,	 0.40256846609519869595,	 11.37183268662224477907,	 6.85763765589966478586,	 0.60303715723560968875,	 227938.83853772139991633594,	 227939.02036462791147641838,	 0.00000000000000000000,	 0.00000000000000000000,	 -1.26783801578142107935,	 0.00000000000000000000,	 0.00000000000000000000,	 -0.06339190078907105952,	 0.05000000000000000278,	 0.00081973824517965043,	 0.00000000000000000000,	 0.00000000000000000000
6.69019999999999992468,	 2.00000000000000000000,	 1.50000000000000000000,	 7.06858347057703451100, 320961.18530716805253177881,	 1.90225177605647344237,	 0.40225177605647344237,	 11.36804722873315398601,	 6.83580076276656178891,	 0.60131706222057434985,	 227761.81270626225159503520,	 227761.99349736690055578947,	 0.00000000000000000000,	 0.00000000000000000000,	 -1.26443212152947448423,	 0.00000000000000000000,	 0.00000000000000000000,	 -0.06322160607647372976,	 0.05000000000000000278,	 0.00081746807314489001,	 0.00000000000000000000,	 0.00000000000000000000
6.69130000000000002558,	 2.00000000000000000000,	 1.50000000000000000000,	 7.06858347057703451100, 320961.18530716805253177881,	 1.90193604699261098467,	 0.40193604699261098467,	 11.36427388485581779776,	 6.81480694480358462073,	 0.59966936857136876604,	 227585.24166174873244017363,	 227585.42146342454361729324,	 0.00000000000000000000,	 0.00000000000000000000,	 -1.26117672467395736113,	 0.00000000000000000000,	 0.00000000000000000000,	 -0.06305883623369787361,	 0.05000000000000000278,	 0.00081529575797773489,	 0.00000000000000000000,	 0.00000000000000000000
6.69240000000000012648,	 2.00000000000000000000,	 1.50000000000000000000,	 7.06858347057703451100, 320961.18530716805253177881,	 1.90162124805318977216,	 0.40162124805318977216,	 11.36051228066292395624,	 6.79477555402236887971,	 0.59810467927471588911,	 227409.08719345345161855221,	 227409.26605805713916197419,	 0.00000000000000000000,	 0.00000000000000000000,	 -1.25809422856845642968,	 0.00000000000000000000,	 0.00000000000000000000,	 -0.06290471142842282704,	 0.05000000000000000278,	 0.00081323574894797248,	 0.00000000000000000000,	 0.00000000000000000000
6.69350000000000022737,	 2.00000000000000000000,	 1.50000000000000000000,	 7.06858347057703451100, 320961.18530716805253177881,	 1.90130734267249557057,	 0.40130734267249557057,	 11.35676197381151730781,	 6.77581405979731687950,	 0.59663256792932872763,	 227233.31007688120007514954,	 227233.48806209175381809473,	 0.00000000000000000000,	 0.00000000000000000000,	 -1.25520488884389669337,	 0.00000000000000000000,	 0.00000000000000000000,	 -0.06276024444219484300,	 0.05000000000000000971,	 0.00081130110134794127,	 0.00000000000000000000,	 0.00000000000000000000
6.69460000000000032827,	 2.00000000000000000000,	 1.50000000000000000000,	 7.06858347057703451100, 320961.18530716805253177881,	 1.90099428928579672338,	 0.40099428928579672338,	 11.35302246255283442622,	 6.75801093381758288814,	 0.59526094976984478269,	 227057.87063481146469712257,	 227058.04780261061387136579,	 0.00000000000000000000,	 0.00000000000000000000,	 -1.25252548758257287176,	 0.00000000000000000000,	 0.00000000000000000000,	 -0.06262627437912864081,	 0.04999999999999999584,	 0.00080950262037678480,	 0.00000000000000000000,	 0.00000000000000000000
6.69570000000000042917,	 2.00000000000000000000,	 1.50000000000000000000,	 7.06858347057703451100, 320961.18530716805253177881,	 1.90068204195464973694,	 0.40068204195464973694,	 11.34929319324692009729,	 6.74143616195425821047,	 0.59399612356173525640,	 226882.72855818553944118321,	 226882.90497388294897973537,	 0.00000000000000000000,	 0.00000000000000000000,	 -1.25006941813555161325,	 0.00000000000000000000,	 0.00000000000000000000,	 -0.06250347090677757511,	 0.04999999999999999584,	 0.00080784891703457632,	 0.00000000000000000000,	 0.00000000000000000000
6.69680000000000053006,	 2.00000000000000000000,	 1.50000000000000000000,	 7.06858347057703451100, 320961.18530716805253177881,	 1.90037055083237715891,	 0.40037055083237715891,	 11.34557356596126176385,	 6.72614653956095054355,	 0.59284323533369753800,	 226707.84266822214704006910,	 226708.01839977299096062779,	 0.00000000000000000000,	 0.00000000000000000000,	 -1.24784765807705788632,	 0.00000000000000000000,	 0.00000000000000000000,	 -0.06239238290385289154,	 0.04999999999999999584,	 0.00080634703784753284,	 0.00000000000000000000,	 0.00000000000000000000
6.69790000000000063096,	 2.00000000000000000000,	 1.50000000000000000000,	 7.06858347057703451100, 320961.18530716805253177881,	 1.90005976250320141041,	 0.40005976250320141041,	 11.34186293855539773290,	 6.71219233312856022877,	 0.59180686360714263028,	 226533.17075498876511119306,	 226533.34587267067399807274,	 0.00000000000000000000,	 0.00000000000000000000,	 -1.24586999900987693835,	 0.00000000000000000000,	 0.00000000000000000000,	 -0.06229349995049384553,	 0.04999999999999999584,	 0.00080500326020705435,	 0.00000000000000000000,	 0.00000000000000000000
6.69900000000000073186,	 2.00000000000000000000,	 1.50000000000000000000,	 7.06858347057703451100, 320961.18530716805253177881,	 1.89974962026451832386,	 0.39974962026451832386,	 11.33816063008276486812,	 6.69962190149230352176,	 0.59089142587349274827,	 226358.66964434567489661276,	 226358.84422068425919860601,	 0.00000000000000000000,	 0.00000000000000000000,	 -1.24414590127138535713,	 0.00000000000000000000,	 0.00000000000000000000,	 -0.06220729506356926369,	 0.04999999999999999584,	 0.00080382364495253848,	 0.00000000000000000000,	 0.00000000000000000000
6.70009999999999994458,	 2.00000000000000000000,	 1.50000000000000000000,	 7.06858347057703451100, 320961.18530716805253177881,	 1.89944006432247469718,	 0.39944006432247469718,	 11.33446592315451262323,	 6.68848586827432711743,	 0.59010154634730638268,	 226184.29495070080156438053,	 226184.46906061831396073103,	 0.00000000000000000000,	 0.00000000000000000000,	 -1.24268526800353473760,	 0.00000000000000000000,	 0.00000000000000000000,	 -0.06213426340017674104,	 0.05000000000000000278,	 0.00080281453656606719,	 0.00000000000000000000,	 0.00000000000000000000
6.70120000000000004547,	 2.00000000000000000000,	 1.50000000000000000000,	 7.06858347057703451100, 320961.18530716805253177881,	 1.89913103211344291843,	 0.39913103211344291843,	 11.33077806780333318670,	 6.67883182416485965405,	 0.58944158858277473367,	 226010.00230834621470421553,	 226010.17602903940132819116,	 0.00000000000000000000,	 0.00000000000000000000,	 -1.24149746092414980936,	 0.00000000000000000000,	 0.00000000000000000000,	 -0.06207487304620749186,	 0.05000000000000000278,	 0.00080198192731993872,	 0.00000000000000000000,	 0.00000000000000000000
6.70230000000000014637,	 2.00000000000000000000,	 1.50000000000000000000,	 7.06858347057703451100, 320961.18530716805253177881,	 1.89882245878827138341,	 0.39882245878827138341,	 11.32709628728566109146,	 6.67069852473978386342,	 0.58891514255312282788,	 225835.74751431588083505630,	 225835.92092483845772221684,	 0.00000000000000000000,	 0.00000000000000000000,	 -1.24059021911703659669,	 0.00000000000000000000,	 0.00000000000000000000,	 -0.06202951095585183122,	 0.05000000000000000278,	 0.00080133075912186926,	 0.00000000000000000000,	 0.00000000000000000000
6.70340000000000024727,	 2.00000000000000000000,	 1.50000000000000000000,	 7.06858347057703451100, 320961.18530716805253177881,	 1.89851427754015267269,	 0.39851427754015267269,	 11.32341978201289478534,	 6.66411668838664184022,	 0.58852509371528416438,	 225661.48609604226658120751,	 225661.65927693524281494319,	 0.00000000000000000000,	 0.00000000000000000000,	 -1.23996980307742177274,	 0.00000000000000000000,	 0.00000000000000000000,	 -0.06199849015387109280,	 0.05000000000000000278,	 0.00080086501702372910,	 0.00000000000000000000,	 0.00000000000000000000
6.70450000000000034817,	 2.00000000000000000000,	 1.50000000000000000000,	 7.06858347057703451100, 320961.18530716805253177881,	 1.89820641980090831780,	 0.39820641980090831780,	 11.31974773190964711489,	 6.65911176492454703890,	 0.58827386640012613306,	 225487.17315762920770794153,	 225487.34619070016196928918,	 0.00000000000000000000,	 0.00000000000000000000,	 -1.23964150634750591706,	 0.00000000000000000000,	 0.00000000000000000000,	 -0.06198207531737530418,	 0.05000000000000000971,	 0.00080058806005007198,	 0.00000000000000000000,	 0.00000000000000000000
6.70560000000000044906,	 2.00000000000000000000,	 1.50000000000000000000,	 7.06858347057703451100, 320961.18530716805253177881,	 1.89789881542111094070,	 0.39789881542111094070,	 11.31607929857719341271,	 6.65570531523372199700,	 0.58816354495417555448,	 225312.76357737139915116131,	 225312.93654554919339716434,	 0.00000000000000000000,	 0.00000000000000000000,	 -1.23960991002288434260,	 0.00000000000000000000,	 0.00000000000000000000,	 -0.06198049550114421991,	 0.05000000000000000278,	 0.00080050278581227346,	 0.00000000000000000000,	 0.00000000000000000000
6.70670000000000054996,	 2.00000000000000000000,	 1.50000000000000000000,	 7.06858347057703451100, 320961.18530716805253177881,	 1.89759139290652489862,	 0.39759139290652489862,	 11.31241362812655282255,	 6.65391423525852054865,	 0.58819580453764530592,	 225138.21238195183104835451,	 225138.38536910407128743827,	 0.00000000000000000000,	 0.00000000000000000000,	 -1.23987873624723943244,	 0.00000000000000000000,	 0.00000000000000000000,	 -0.06199393681236197579,	 0.05000000000000000278,	 0.00080061153611121110,	 0.00000000000000000000,	 0.00000000000000000000
6.70780000000000065086,	 2.00000000000000000000,	 1.50000000000000000000,	 7.06858347057703451100, 320961.18530716805253177881,	 1.89728407972279722316,	 0.39728407972279722316,	 11.30874985482272521153,	 6.65374870490866499040,	 0.58837172899983369856,	 224963.47512985629145987332,	 224963.64822050204384140670,	 0.00000000000000000000,	 0.00000000000000000000,	 -1.24045046345573695135,	 0.00000000000000000000,	 0.00000000000000000000,	 -0.06202252317278685034,	 0.05000000000000000278,	 0.00080091584876722873,	 0.00000000000000000000,	 0.00000000000000000000
6.70890000000000075175,	 2.00000000000000000000,	 1.50000000000000000000,	 7.06858347057703451100, 320961.18530716805253177881,	 1.89697680264682233542,	 0.39697680264682233542,	 11.30508710528202520607,	 6.65521014224087537059,	 0.58869162884480485953,	 224788.50822621630504727364,	 224788.68150513325235806406,	 0.00000000000000000000,	 0.00000000000000000000,	 -1.24132594141038010704,	 0.00000000000000000000,	 0.00000000000000000000,	 -0.06206629707051901368,	 0.05000000000000000971,	 0.00080141620944445646,	 0.00000000000000000000,	 0.00000000000000000000
6.70999999999999996447,	 2.00000000000000000000,	 1.50000000000000000000,	 7.06858347057703451100, 320961.18530716805253177881,	 1.89666948813677116448,	 0.39666948813677116448,	 11.30142450288806088565,	 6.65829005720390387779,	 0.58915493843297261911,	 224613.26916187288588844240,	 224613.44271364362793974578,	 0.00000000000000000000,	 0.00000000000000000000,	 -1.24250417295791493189,	 0.00000000000000000000,	 0.00000000000000000000,	 -0.06212520864789574521,	 0.04999999999999999584,	 0.00080211191122831155,	 0.00000000000000000000,	 0.00000000000000000000
6.71110000000000006537,	 2.00000000000000000000,	 1.50000000000000000000,	 7.06858347057703451100, 320961.18530716805253177881,	 1.89636206270297491550,	 0.39636206270297491550,	 11.29776117221398301638,	 6.66296997205440355572,	 0.58976020739768253431,	 224437.71671494538895785809,	 224437.89062349649611860514,	 0.00000000000000000000,	 0.00000000000000000000,	 -1.24398229430316531463,	 0.00000000000000000000,	 0.00000000000000000000,	 -0.06219911471515827267,	 0.05000000000000000278,	 0.00080300104241506399,	 0.00000000000000000000,	 0.00000000000000000000
6.71220000000000016627,	 2.00000000000000000000,	 1.50000000000000000000,	 7.06858347057703451100, 320961.18530716805253177881,	 1.89605445327356281204,	 0.39605445327356281204,	 11.29409624337825057694,	 6.66922211398158637508,	 0.59050516041881295770,	 224261.81113717175321653485,	 224261.98548534399014897645,	 0.00000000000000000000,	 0.00000000000000000000,	 -1.24575569947223407929,	 0.00000000000000000000,	 0.00000000000000000000,	 -0.06228778497361171090,	 0.05000000000000000278,	 0.00080408056737592758,	 0.00000000000000000000,	 0.00000000000000000000
6.71330000000000026716,	 2.00000000000000000000,	 1.50000000000000000000,	 7.06858347057703451100, 320961.18530716805253177881,	 1.89574658755167990698,	 0.39574658755167990698,	 11.29042885629623249599,	 6.67701050528493134095,	 0.59138679232378521533,	 224085.51432400924386456609,	 224085.68919317831750959158,	 0.00000000000000000000,	 0.00000000000000000000,	 -1.24781823943578817904,	 0.00000000000000000000,	 0.00000000000000000000,	 -0.06239091197178940618,	 0.04999999999999999584,	 0.00080534645556854336,	 0.00000000000000000000,	 0.00000000000000000000
6.71440000000000036806,	 2.00000000000000000000,	 1.50000000000000000000,	 7.06858347057703451100, 320961.18530716805253177881,	 1.89543839435840233421,	 0.39543839435840233421,	 11.28675816475758963975,	 6.68629222872756567853,	 0.59240147889455285757,	 223908.78994152322411537170,	 223908.96541127932141534984,	 0.00000000000000000000,	 0.00000000000000000000,	 -1.25016245457047059375,	 0.00000000000000000000,	 0.00000000000000000000,	 -0.06250812272852353246,	 0.05000000000000000278,	 0.00080679383200101050,	 0.00000000000000000000,	 0.00000000000000000000
6.71550000000000046896,	 2.00000000000000000000,	 1.50000000000000000000,	 7.06858347057703451100, 320961.18530716805253177881,	 1.89512980394981944698,	 0.39512980394981944698,	 11.28308334019244263402,	 6.69701870825717371360,	 0.59354508925775162353,	 223731.60353078707703389227,	 223731.77967867357074283063,	 0.00000000000000000000,	 0.00000000000000000000,	 -1.25277981069304722439,	 0.00000000000000000000,	 0.00000000000000000000,	 -0.06263899053465235567,	 0.04999999999999999584,	 0.00080841712992692064,	 0.00000000000000000000,	 0.00000000000000000000
6.71660000000000056986,	 2.00000000000000000000,	 1.50000000000000000000,	 7.06858347057703451100, 320961.18530716805253177881,	 1.89482074832393188046,	 0.39482074832393188046,	 11.27940357531281989623,	 6.70913629151433177356,	 0.59481303658631279330,	 223553.92265307082561776042,	 223554.09955434506991878152,	 0.00000000000000000000,	 0.00000000000000000000,	 -1.25566080509189270664,	 0.00000000000000000000,	 0.00000000000000000000,	 -0.06278304025459464921,	 0.05000000000000000971,	 0.00081021015958487072,	 0.00000000000000000000,	 0.00000000000000000000
6.71770000000000067075,	 2.00000000000000000000,	 1.50000000000000000000,	 7.06858347057703451100, 320961.18530716805253177881,	 1.89451116150635168189,	 0.39451116150635168189,	 11.27571808749846304920,	 6.72258676371382790649,	 0.59620032281289903064,	 223375.71696155657991766930,	 223375.89468896904145367444,	 0.00000000000000000000,	 0.00000000000000000000,	 -1.25879506001717511587,	 0.00000000000000000000,	 0.00000000000000000000,	 -0.06293975300085875857,	 0.05000000000000000278,	 0.00081216616881362434,	 0.00000000000000000000,	 0.00000000000000000000
6.71879999999999988347,	 2.00000000000000000000,	 1.50000000000000000000,	 7.06858347057703451100, 320961.18530716805253177881,	 1.89420097980526236370,	 0.39420097980526236370,	 11.27202612181364216326,	 6.73730795135568349963,	 0.59770159140401868392,	 223196.95822364158811978996,	 223197.13684723776532337070,	 0.00000000000000000000,	 0.00000000000000000000,	 -1.26217143328785907919,	 0.00000000000000000000,	 0.00000000000000000000,	 -0.06310857166439295951,	 0.05000000000000000278,	 0.00081427791467945790,	 0.00000000000000000000,	 0.00000000000000000000
6.71989999999999998437,	 2.00000000000000000000,	 1.50000000000000000000,	 7.06858347057703451100, 320961.18530716805253177881,	 1.89389014202998673397,	 0.39389014202998673397,	 11.26832695358808145158,	 6.75323441530879353678,	 0.59931118817584683178,	 223017.62033364459057338536,	 223017.79992059472715482116,	 0.00000000000000000000,	 0.00000000000000000000,	 -1.26577814599841276255,	 0.00000000000000000000,	 0.00000000000000000000,	 -0.06328890729992064923,	 0.05000000000000000971,	 0.00081653774609723889,	 0.00000000000000000000,	 0.00000000000000000000
6.72100000000000008527,	 2.00000000000000000000,	 1.50000000000000000000,	 7.06858347057703451100, 320961.18530716805253177881,	 1.89357858968126158139,	 0.39357858968126158139,	 11.26461989065882640659,	 6.77029799932683129526,	 0.60102320939751308071,	 222837.67933477423503063619,	 222837.85994922334793955088,	 0.00000000000000000000,	 0.00000000000000000000,	 -1.26960288349834149457,	 0.00000000000000000000,	 0.00000000000000000000,	 -0.06348014417491708306,	 0.05000000000000000971,	 0.00081893766917072279,	 0.00000000000000000000,	 0.00000000000000000000
6.72210000000000018616,	 2.00000000000000000000,	 1.50000000000000000000,	 7.06858347057703451100, 320961.18530716805253177881,	 1.89326626709712964036,	 0.39326626709712964036,	 11.26090427508195723760,	 6.78842914629838301011,	 0.60283161817828134765,	 222657.11323643036303110421,	 222657.29493941029068082571,	 0.00000000000000000000,	 0.00000000000000000000,	 -1.27363304075042615970,	 0.00000000000000000000,	 0.00000000000000000000,	 -0.06368165203752131076,	 0.05000000000000000278,	 0.00082146950561840762,	 0.00000000000000000000,	 0.00000000000000000000
6.72320000000000028706,	 2.00000000000000000000,	 1.50000000000000000000,	 7.06858347057703451100, 320961.18530716805253177881,	 1.89295312155938244558,	 0.39295312155938244558,	 11.25717948437343096657,	 6.80755682569988262998,	 0.60473023772515499541,	 222475.90236176637699827552,	 222476.08521109659341163933,	 0.00000000000000000000,	 0.00000000000000000000,	 -1.27785570775675316746,	 0.00000000000000000000,	 0.00000000000000000000,	 -0.06389278538783765837,	 0.05000000000000000278,	 0.00082412488348032164,	 0.00000000000000000000,	 0.00000000000000000000
6.72430000000000038796,	 2.00000000000000000000,	 1.50000000000000000000,	 7.06858347057703451100, 320961.18530716805253177881,	 1.89263910359744214063,	 0.39263910359744214063,	 11.25344493509652110674,	 6.82760327332259109312,	 0.60671228345633976264,	 222294.02998522826237604022,	 222294.21403512571123428643,	 0.00000000000000000000,	 0.00000000000000000000,	 -1.28225668021574468192,	 0.00000000000000000000,	 0.00000000000000000000,	 -0.06411283401078723965,	 0.05000000000000000278,	 0.00082689459927390708,	 0.00000000000000000000,	 0.00000000000000000000
6.72540000000000048885,	 2.00000000000000000000,	 1.50000000000000000000,	 7.06858347057703451100, 320961.18530716805253177881,	 1.89232416718525442434,	 0.39232416718525442434,	 11.24970008517352937361,	 6.84848603871863925718,	 0.60877054382494677487,	 222111.48168466094648465514,	 222111.66698544844985008240,	 0.00000000000000000000,	 0.00000000000000000000,	 -1.28682084049154243921,	 0.00000000000000000000,	 0.00000000000000000000,	 -0.06434104202457711918,	 0.04999999999999999584,	 0.00082976886405672541,	 0.00000000000000000000,	 0.00000000000000000000
6.72650000000000058975,	 2.00000000000000000000,	 1.50000000000000000000,	 7.06858347057703451100, 320961.18530716805253177881,	 1.89200826978236991138,	 0.39200826978236991138,	 11.24594443434275703453,	 6.87012196709760747382,	 0.61089773359698407162,	 221928.24508108029840514064,	 221928.43167910075862891972,	 0.00000000000000000000,	 0.00000000000000000000,	 -1.29153290364265305179,	 0.00000000000000000000,	 0.00000000000000000000,	 -0.06457664518213265814,	 0.05000000000000000278,	 0.00083273778471784437,	 0.00000000000000000000,	 0.00000000000000000000
6.72760000000000069065,	 2.00000000000000000000,	 1.50000000000000000000,	 7.06858347057703451100, 320961.18530716805253177881,	 1.89169137235103201888,	 0.39169137235103201888,	 11.24217752432962136311,	 6.89242924423544423007,	 0.61308667554121765164,	 221744.30988859880017116666,	 221744.49782623467035591602,	 0.00000000000000000000,	 0.00000000000000000000,	 -1.29637780137308800121,	 0.00000000000000000000,	 0.00000000000000000000,	 -0.06481889006865440561,	 0.05000000000000000278,	 0.00083579161159235045,	 0.00000000000000000000,	 0.00000000000000000000
6.72869999999999990337,	 2.00000000000000000000,	 1.50000000000000000000,	 7.06858347057703451100, 320961.18530716805253177881,	 1.89137343940121516184,	 0.39137343940121516184,	 11.23839893934952804955,	 6.91532737340085201794,	 0.61533029844561715205,	 221559.66805291335913352668,	 221559.85736860145698301494,	 0.00000000000000000000,	 0.00000000000000000000,	 -1.30134067789473206744,	 0.00000000000000000000,	 0.00000000000000000000,	 -0.06506703389473660060,	 0.04999999999999999584,	 0.00083892073577637521,	 0.00000000000000000000,	 0.00000000000000000000
6.72980000000000000426,	 2.00000000000000000000,	 1.50000000000000000000,	 7.06858347057703451100, 320961.18530716805253177881,	 1.89105443906170900270,	 0.39105443906170900270,	 11.23460830691943712623,	 6.93873607136747683199,	 0.61762153889191517830,	 221374.31385095810401253402,	 221374.50457914074650034308,	 0.00000000000000000000,	 0.00000000000000000000,	 -1.30640668218597144623,	 0.00000000000000000000,	 0.00000000000000000000,	 -0.06532033410929857786,	 0.05000000000000000278,	 0.00084211555520817734,	 0.00000000000000000000,	 0.00000000000000000000
6.73090000000000010516,	 2.00000000000000000000,	 1.50000000000000000000,	 7.06858347057703451100, 320961.18530716805253177881,	 1.89073434315476007761,	 0.39073434315476007761,	 11.23080529871053023783,	 6.96257418497506730404,	 0.61995324465062873198,	 221188.24391119074425660074,	 221188.43608220352325588465,	 0.00000000000000000000,	 0.00000000000000000000,	 -1.31156076345704697417,	 0.00000000000000000000,	 0.00000000000000000000,	 -0.06557803817285234871,	 0.05000000000000000278,	 0.00084536634288750730,	 0.00000000000000000000,	 0.00000000000000000000
6.73200000000000020606,	 2.00000000000000000000,	 1.50000000000000000000,	 7.06858347057703451100, 320961.18530716805253177881,	 1.89041312726281751644,	 0.39041312726281751644,	 11.22698963130592098025,	 6.98675895355214571225,	 0.62231810868248282897,	 221001.45723316853400319815,	 221001.65087308271904475987,	 0.00000000000000000000,	 0.00000000000000000000,	 -1.31678753116479829721,	 0.00000000000000000000,	 0.00000000000000000000,	 -0.06583937655823991764,	 0.05000000000000000278,	 0.00084866315676505454,	 0.00000000000000000000,	 0.00000000000000000000
6.73310000000000030695,	 2.00000000000000000000,	 1.50000000000000000000,	 7.06858347057703451100, 320961.18530716805253177881,	 1.89009077078747012024,	 0.39009077078747012024,	 11.22316106686444747709,	 7.01120580376137425560,	 0.62470865044086731910,	 220813.95517724438104778528,	 220814.15030769334407523274,	 0.00000000000000000000,	 0.00000000000000000000,	 -1.32207121498317126118,	 0.00000000000000000000,	 0.00000000000000000000,	 -0.06610356074915857416,	 0.05000000000000000971,	 0.00085199581409495283,	 0.00000000000000000000,	 0.00000000000000000000
6.73420000000000040785,	 2.00000000000000000000,	 1.50000000000000000000,	 7.06858347057703451100, 320961.18530716805253177881,	 1.88976725699247749546,	 0.38976725699247749546,	 11.21931941359454398821,	 7.03582876767444886923,	 0.62711725268727758209,	 220625.74143609972088597715,	 220625.93807412401656620204,	 0.00000000000000000000,	 0.00000000000000000000,	 -1.32739574223615397486,	 0.00000000000000000000,	 0.00000000000000000000,	 -0.06636978711180770152,	 0.05000000000000000278,	 0.00085535394149120791,	 0.00000000000000000000,	 0.00000000000000000000
6.73530000000000050875,	 2.00000000000000000000,	 1.50000000000000000000,	 7.06858347057703451100, 320961.18530716805253177881,	 1.88944257303368479128,	 0.38944257303368479128,	 11.21546452607146981961,	 7.06054116100173612125,	 0.62953622157948085913,	 220436.82201290558441542089,	 220437.02017083272221498191,	 0.00000000000000000000,	 0.00000000000000000000,	 -1.33274486467974284665,	 0.00000000000000000000,	 0.00000000000000000000,	 -0.06663724323398714788,	 0.05000000000000000278,	 0.00085872705675543671,	 0.00000000000000000000,	 0.00000000000000000000
6.73640000000000060965,	 2.00000000000000000000,	 1.50000000000000000000,	 7.06858347057703451100, 320961.18530716805253177881,	 1.88911671050491913881,	 0.38911671050491913881,	 11.21159631167829928700,	 7.08525626498036853462,	 0.63195784685898614974,	 220247.20861258674995042384,	 220247.40829794685123488307,	 0.00000000000000000000,	 0.00000000000000000000,	 -1.33810228525283148038,	 0.00000000000000000000,	 0.00000000000000000000,	 -0.06690511426264157679,	 0.05000000000000000278,	 0.00086210465076238532,	 0.00000000000000000000,	 0.00000000000000000000
6.73750000000000071054,	 2.00000000000000000000,	 1.50000000000000000000,	 7.06858347057703451100, 320961.18530716805253177881,	 1.88878966454255192708,	 0.38878966454255192708,	 11.20771471993456103178,	 7.10988791254256558005,	 0.63437445457962893247,	 220056.90728800470242276788,	 220057.10850347901578061283,	 0.00000000000000000000,	 0.00000000000000000000,	 -1.34345177017530703623,	 0.00000000000000000000,	 0.00000000000000000000,	 -0.06717258850876535459,	 0.05000000000000000278,	 0.00086547625953768215,	 0.00000000000000000000,	 0.00000000000000000000
6.73859999999999992326,	 2.00000000000000000000,	 1.50000000000000000000,	 7.06858347057703451100, 320961.18530716805253177881,	 1.88846143370531249772,	 0.38846143370531249772,	 11.20381974103426792055,	 7.13435122046845915378,	 0.63677847246495056233,	 219865.93116360195563174784,	 219866.13390701345633715391,	 0.00000000000000000000,	 0.00000000000000000000,	 -1.34877728737205981879,	 0.00000000000000000000,	 0.00000000000000000000,	 -0.06743886436860299649,	 0.05000000000000000278,	 0.00086883155343007795,	 0.00000000000000000000,	 0.00000000000000000000
6.73970000000000002416,	 2.00000000000000000000,	 1.50000000000000000000,	 7.06858347057703451100, 320961.18530716805253177881,	 1.88813202059554163803,	 0.38813202059554163803,	 11.19991141318106464553,	 7.15856303527413206922,	 0.63916246934322085149,	 219674.29534553014673292637,	 219674.49960986126097850502,	 0.00000000000000000000,	 0.00000000000000000000,	 -1.35406308959607724063,	 0.00000000000000000000,	 0.00000000000000000000,	 -0.06770315447980386481,	 0.05000000000000000278,	 0.00087216039078786634,	 0.00000000000000000000,	 0.00000000000000000000
6.74080000000000012506,	 2.00000000000000000000,	 1.50000000000000000000,	 7.06858347057703451100, 320961.18530716805253177881,	 1.88780143173674219703,	 0.38780143173674219703,	 11.19598982109394924578,	 7.18244226634391402797,	 0.64151918509355387865,	 219482.01681215147254988551,	 219482.22258558389148674905,	 0.00000000000000000000,	 0.00000000000000000000,	 -1.35929377806090156966,	 0.00000000000000000000,	 0.00000000000000000000,	 -0.06796468890304507848,	 0.05000000000000000278,	 0.00087545285888438265,	 0.00000000000000000000,	 0.00000000000000000000
6.74190000000000022595,	 2.00000000000000000000,	 1.50000000000000000000,	 7.06858347057703451100, 320961.18530716805253177881,	 1.88746967746997529325,	 0.38746967746997529325,	 11.19205509473751547489,	 7.20591028414240142297,	 0.64384156646357182385,	 219289.11437272044713608921,	 219289.32163870180374942720,	 0.00000000000000000000,	 0.00000000000000000000,	 -1.36445437857650242464,	 0.00000000000000000000,	 0.00000000000000000000,	 -0.06822271892882512956,	 0.05000000000000000278,	 0.00087869932287622829,	 0.00000000000000000000,	 0.00000000000000000000
6.74300000000000032685,	 2.00000000000000000000,	 1.50000000000000000000,	 7.06858347057703451100, 320961.18530716805253177881,	 1.88713677184971717615,	 0.38713677184971717615,	 11.18810740804670267323,	 7.22889126458743724868,	 0.64612279815871975774,	 219095.60860360739752650261,	 219095.81734094253624789417,	 0.00000000000000000000,	 0.00000000000000000000,	 -1.36953040775186418720,	 0.00000000000000000000,	 0.00000000000000000000,	 -0.06847652038759320658,	 0.04999999999999999584,	 0.00088189046833643352,	 0.00000000000000000000,	 0.00000000000000000000
6.74410000000000042775,	 2.00000000000000000000,	 1.50000000000000000000,	 7.06858347057703451100, 320961.18530716805253177881,	 1.88680273253888608487,	 0.38680273253888608487,	 11.18414697764261767077,	 7.25131229425758316864,	 0.64835631262295934096,	 218901.52177479828242212534,	 218901.73195775234489701688,	 0.00000000000000000000,	 0.00000000000000000000,	 -1.37450789410407425706,	 0.00000000000000000000,	 0.00000000000000000000,	 -0.06872539470520372396,	 0.05000000000000000971,	 0.00088501731472690728,	 0.00000000000000000000,	 0.00000000000000000000
6.74520000000000052864,	 2.00000000000000000000,	 1.50000000000000000000,	 7.06858347057703451100, 320961.18530716805253177881,	 1.88646758069276332392,	 0.38646758069276332392,	 11.18017406141760794469,	 7.27310354770552613957,	 0.65053580630777063654,	 218706.87773578779888339341,	 218707.08933420543326064944,	 0.00000000000000000000,	 0.00000000000000000000,	 -1.37937341296663218415,	 0.00000000000000000000,	 0.00000000000000000000,	 -0.06896867064833160643,	 0.04999999999999999584,	 0.00088807123774170093,	 0.00000000000000000000,	 0.00000000000000000000
6.74630000000000062954,	 2.00000000000000000000,	 1.50000000000000000000,	 7.06858347057703451100, 320961.18530716805253177881,	 1.88613134083307931732,	 0.38613134083307931732,	 11.17618895700496750578,	 7.29419843327507333441,	 0.65265525317583727993,	 218511.70182395566371269524,	 218511.91480339542613364756,	 0.00000000000000000000,	 0.00000000000000000000,	 -1.38411411558978292291,	 0.00000000000000000000,	 0.00000000000000000000,	 -0.06920570577948914615,	 0.05000000000000000278,	 0.00089104398789307821,	 0.00000000000000000000,	 0.00000000000000000000
6.74740000000000073044,	 2.00000000000000000000,	 1.50000000000000000000,	 7.06858347057703451100, 320961.18530716805253177881,	 1.88579404072037015716,	 0.38579404072037015716,	 11.17219200022934799676,	 7.31453353177263210227,	 0.65470889970584789097,	 218316.02079533966025337577,	 218316.23511721132672391832,	 0.00000000000000000000,	 0.00000000000000000000,	 -1.38871771904794072405,	 0.00000000000000000000,	 0.00000000000000000000,	 -0.06943588595239703898,	 0.05000000000000000278,	 0.00089392768385414853,	 0.00000000000000000000,	 0.00000000000000000000
6.74849999999999994316,	 2.00000000000000000000,	 1.50000000000000000000,	 7.06858347057703451100, 320961.18530716805253177881,	 1.88545571122864830116,	 0.38545571122864830116,	 11.16818356358595920597,	 7.33404835946474431552,	 0.65669124416771995634,	 218119.86276083809207193553,	 218120.07838253318914212286,	 0.00000000000000000000,	 0.00000000000000000000,	 -1.39317246277779749342,	 0.00000000000000000000,	 0.00000000000000000000,	 -0.06965862313888988855,	 0.05000000000000000971,	 0.00089671478432298650,	 0.00000000000000000000,	 0.00000000000000000000
6.74960000000000004405,	 2.00000000000000000000,	 1.50000000000000000000,	 7.06858347057703451100, 320961.18530716805253177881,	 1.88511638620618882101,	 0.38511638620618882101,	 11.16416405455660765256,	 7.35268560208517740762,	 0.65859705806492596647,	 217923.25695821104454807937,	 217923.47383325349073857069,	 0.00000000000000000000,	 0.00000000000000000000,	 -1.39746715456727343962,	 0.00000000000000000000,	 0.00000000000000000000,	 -0.06987335772836367198,	 0.05000000000000000278,	 0.00089939811746389054,	 0.00000000000000000000,	 0.00000000000000000000
6.75070000000000014495,	 2.00000000000000000000,	 1.50000000000000000000,	 7.06858347057703451100, 320961.18530716805253177881,	 1.88477610229903858041,	 0.38477610229903858041,	 11.16013391348589145480,	 7.37039196331761026215,	 0.66042146272198742896,	 217726.23378150121425278485,	 217726.45185975541244260967,	 0.00000000000000000000,	 0.00000000000000000000,	 -1.40159133366856503145,	 0.00000000000000000000,	 0.00000000000000000000,	 -0.07007956668342825435,	 0.05000000000000000278,	 0.00090197098569251241,	 0.00000000000000000000,	 0.00000000000000000000
6.75180000000000024585,	 2.00000000000000000000,	 1.50000000000000000000,	 7.06858347057703451100, 320961.18530716805253177881,	 1.88443489891706361661,	 0.38443489891706361661,	 11.15609361314708891655,	 7.38711478600570448094,	 0.66215962703111719279,	 217528.82516287680482491851,	 217529.04439056263072416186,	 0.00000000000000000000,	 0.00000000000000000000,	 -1.40553462984928412283,	 0.00000000000000000000,	 0.00000000000000000000,	 -0.07027673149246421724,	 0.05000000000000000971,	 0.00090442675303949508,	 0.00000000000000000000,	 0.00000000000000000000
6.75290000000000034674,	 2.00000000000000000000,	 1.50000000000000000000,	 7.06858347057703451100, 320961.18530716805253177881,	 1.88409281812691054014,	 0.38409281812691054014,	 11.15204365744318337761,	 7.40280264667513954180,	 0.66380682089011588953,	 217331.06392616534139961004,	 217331.28424591306247748435,	 0.00000000000000000000,	 0.00000000000000000000,	 -1.40928687695980059402,	 0.00000000000000000000,	 0.00000000000000000000,	 -0.07046434384799002415,	 0.04999999999999999584,	 0.00090675891818507335,	 0.00000000000000000000,	 0.00000000000000000000
6.75400000000000044764,	 2.00000000000000000000,	 1.50000000000000000000,	 7.06858347057703451100, 320961.18530716805253177881,	 1.88374990442699119519,	 0.38374990442699119519,	 11.14798457871271608610,	 7.41740878228527122928,	 0.66535872290754249914,	 217132.98344764171633869410,	 217133.20479875677847303450,	 0.00000000000000000000,	 0.00000000000000000000,	 -1.41283876664070162654,	 0.00000000000000000000,	 0.00000000000000000000,	 -0.07064193833203508133,	 0.05000000000000000278,	 0.00090896153492560328,	 0.00000000000000000000,	 0.00000000000000000000
6.75510000000000054854,	 2.00000000000000000000,	 1.50000000000000000000,	 7.06858347057703451100, 320961.18530716805253177881,	 1.88340620450004769815,	 0.38340620450004769815,	 11.14391693477320544048,	 7.43089356770906928062,	 0.66681164362611955454,	 216934.61751353004365228117,	 216934.83983241408714093268,	 0.00000000000000000000,	 0.00000000000000000000,	 -1.41618232335201477134,	 0.00000000000000000000,	 0.00000000000000000000,	 -0.07080911616760074412,	 0.05000000000000000278,	 0.00091102951745675750,	 0.00000000000000000000,	 0.00000000000000000000
6.75620000000000064944,	 2.00000000000000000000,	 1.50000000000000000000,	 7.06858347057703451100, 320961.18530716805253177881,	 1.88306176697550986532,	 0.38306176697550986532,	 11.13984130608350220371,	 7.44322521914161860934,	 0.66816258998921740364,	 216736.00023049087030813098,	 216736.22345111420145258307,	 0.00000000000000000000,	 0.00000000000000000000,	 -1.41931104270124985867,	 0.00000000000000000000,	 0.00000000000000000000,	 -0.07096555213506250404,	 0.05000000000000000971,	 0.00091295872890615653,	 0.00000000000000000000,	 0.00000000000000000000
6.75730000000000075033,	 2.00000000000000000000,	 1.50000000000000000000,	 7.06858347057703451100, 320961.18530716805253177881,	 1.88271664220727119599,	 0.38271664220727119599,	 11.13575829309169940018,	 7.45437901183949769290,	 0.66940919653976127535,	 216537.16595538152614608407,	 216537.39000971772475168109,	 0.00000000000000000000,	 0.00000000000000000000,	 -1.42221974679090346072,	 0.00000000000000000000,	 0.00000000000000000000,	 -0.07111098733954518414,	 0.05000000000000000971,	 0.00091474588780700045,	 0.00000000000000000000,	 0.00000000000000000000
6.75839999999999996305,	 2.00000000000000000000,	 1.50000000000000000000,	 7.06858347057703451100, 320961.18530716805253177881,	 1.88237088206234615129,	 0.38237088206234615129,	 11.13166851371458321296,	 7.46433579928299550943,	 0.67054959371873923413,	 216338.14918724595918320119,	 216338.37400562479160726070,	 0.00000000000000000000,	 0.00000000000000000000,	 -1.42490430575313120620,	 0.00000000000000000000,	 0.00000000000000000000,	 -0.07124521528765656586,	 0.05000000000000000278,	 0.00091638838856195233,	 0.00000000000000000000,	 0.00000000000000000000
6.75950000000000006395,	 2.00000000000000000000,	 1.50000000000000000000,	 7.06858347057703451100, 320961.18530716805253177881,	 1.88202453970915550840,	 0.38202453970915550840,	 11.12757260081552956876,	 7.47308070690297032712,	 0.67158229157321114311,	 216138.98444070696132257581,	 216139.20995209412649273872,	 0.00000000000000000000,	 0.00000000000000000000,	 -1.42736139174252452122,	 0.00000000000000000000,	 0.00000000000000000000,	 -0.07136806958712622884,	 0.05000000000000000278,	 0.00091788414287364282,	 0.00000000000000000000,	 0.00000000000000000000
6.76060000000000016485,	 2.00000000000000000000,	 1.50000000000000000000,	 7.06858347057703451100, 320961.18530716805253177881,	 1.88167766940468306203,	 0.38167766940468306203,	 11.12347119967191311218,	 7.48060234056153650073,	 0.67250610949414579842,	 215939.70613087617675773799,	 215939.93226310983300209045,	 0.00000000000000000000,	 0.00000000000000000000,	 -1.42958833051764999666,	 0.00000000000000000000,	 0.00000000000000000000,	 -0.07147941652588249428,	 0.04999999999999999584,	 0.00091923148400855400,	 0.00000000000000000000,	 0.00000000000000000000
6.76170000000000026574,	 2.00000000000000000000,	 1.50000000000000000000,	 7.06858347057703451100, 320961.18530716805253177881,	 1.88133032629564822535,	 0.38133032629564822535,	 11.11936496561107290404,	 7.48689219412644124674,	 0.67332012370141625102,	 215740.34853505392675288022,	 215740.57521504841861315072,	 0.00000000000000000000,	 0.00000000000000000000,	 -1.43158299058983007335,	 0.00000000000000000000,	 0.00000000000000000000,	 -0.07157914952949150089,	 0.04999999999999999584,	 0.00092042909526781908,	 0.00000000000000000000,	 0.00000000000000000000
6.76280000000000036664,	 2.00000000000000000000,	 1.50000000000000000000,	 7.06858347057703451100, 320961.18530716805253177881,	 1.88098256623705539781,	 0.38098256623705539781,	 11.11525456185441562695,	 7.49194432478130956099,	 0.67402363869311054945,	 215540.94572810098179616034,	 215541.17288203374482691288,	 0.00000000000000000000,	 0.00000000000000000000,	 -1.43334372320421610247,	 0.00000000000000000000,	 0.00000000000000000000,	 -0.07166718616021081067,	 0.05000000000000000278,	 0.00092147597117873752,	 0.00000000000000000000,	 0.00000000000000000000
6.76390000000000046754,	 2.00000000000000000000,	 1.50000000000000000000,	 7.06858347057703451100, 320961.18530716805253177881,	 1.88063444562025861018,	 0.38063444562025861018,	 11.11114065747644907844,	 7.49575540334828804845,	 0.67461619238026249157,	 215341.53151670523220673203,	 215341.75907020873273722827,	 0.00000000000000000000,	 0.00000000000000000000,	 -1.43486937389954061217,	 0.00000000000000000000,	 0.00000000000000000000,	 -0.07174346869497702506,	 0.04999999999999999584,	 0.00092237142472078367,	 0.00000000000000000000,	 0.00000000000000000000
6.76500000000000056843,	 2.00000000000000000000,	 1.50000000000000000000,	 7.06858347057703451100, 320961.18530716805253177881,	 1.88028602121240417944,	 0.38028602121240417944,	 11.10702392550071770927,	 7.49832485950521210327,	 0.67509756977201962336,	 215142.13939338878844864666,	 215142.36727175314445048571,	 0.00000000000000000000,	 0.00000000000000000000,	 -1.43615931226615889393,	 0.00000000000000000000,	 0.00000000000000000000,	 -0.07180796561330794747,	 0.05000000000000000278,	 0.00092311510624601672,	 0.00000000000000000000,	 0.00000000000000000000
6.76610000000000066933,	 2.00000000000000000000,	 1.50000000000000000000,	 7.06858347057703451100, 320961.18530716805253177881,	 1.87993735000590933559,	 0.37993735000590933559,	 11.10290504111653753228,	 7.49965502947094808661,	 0.67546781690900270512,	 214942.80246068234555423260,	 214943.03058906819205731153,	 0.00000000000000000000,	 0.00000000000000000000,	 -1.43721346226113211308,	 0.00000000000000000000,	 0.00000000000000000000,	 -0.07186067311305660565,	 0.05000000000000000278,	 0.00092370702274812214,	 0.00000000000000000000,	 0.00000000000000000000
6.76719999999999988205,	 2.00000000000000000000,	 1.50000000000000000000,	 7.06858347057703451100, 320961.18530716805253177881,	 1.87958848906095643549,	 0.37958848906095643549,	 11.09878467981543082033,	 7.49975162250711591128,	 0.67572728355982791815,	 214743.55329663588781841099,	 214743.78160031675361096859,	 0.00000000000000000000,	 0.00000000000000000000,	 -1.43803239377662217535,	 0.00000000000000000000,	 0.00000000000000000000,	 -0.07190161968883111709,	 0.05000000000000000278,	 0.00092414759648225459,	 0.00000000000000000000,	 0.00000000000000000000
6.76829999999999998295,	 2.00000000000000000000,	 1.50000000000000000000,	 7.06858347057703451100, 320961.18530716805253177881,	 1.87923949533283596303,	 0.37923949533283596303,	 11.09466351535093764369,	 7.49862442700643683224,	 0.67587668761933117345,	 214544.42380302009405568242,	 214544.65220766852144151926,	 0.00000000000000000000,	 0.00000000000000000000,	 -1.43861746051612304775,	 0.00000000000000000000,	 0.00000000000000000000,	 -0.07193087302580615516,	 0.05000000000000000278,	 0.00092443775330459000,	 0.00000000000000000000,	 0.00000000000000000000
6.76940000000000008384,	 2.00000000000000000000,	 1.50000000000000000000,	 7.06858347057703451100, 320961.18530716805253177881,	 1.87889042548885853989,	 0.37889042548885853989,	 11.09054221757776659274,	 7.49628786815794168064,	 0.67591716627495701530,	 214345.44508320873137563467,	 214345.67351521656382828951,	 0.00000000000000000000,	 0.00000000000000000000,	 -1.43897090986366316123,	 0.00000000000000000000,	 0.00000000000000000000,	 -0.07194854549318316361,	 0.05000000000000000278,	 0.00092457899296430487,	 0.00000000000000000000,	 0.00000000000000000000
6.77050000000000018474,	 2.00000000000000000000,	 1.50000000000000000000,	 7.06858347057703451100, 320961.18530716805253177881,	 1.87854133572505266336,	 0.37854133572505266336,	 11.08642145029100412046,	 7.49276110608854395423,	 0.67585028583699280347,	 214146.64734480297192931175,	 214146.87573160740430466831,	 0.00000000000000000000,	 0.00000000000000000000,	 -1.43909590485777161284,	 0.00000000000000000000,	 0.00000000000000000000,	 -0.07195479524288858619,	 0.05000000000000000278,	 0.00092457340288626150,	 0.00000000000000000000,	 0.00000000000000000000
6.77160000000000028564,	 2.00000000000000000000,	 1.50000000000000000000,	 7.06858347057703451100, 320961.18530716805253177881,	 1.87819228158633499959,	 0.37819228158633499959,	 11.08230186910895653796,	 7.48806773309793172189,	 0.67567801541034810953,	 213948.05981167560094036162,	 213948.28808206584653817117,	 0.00000000000000000000,	 0.00000000000000000000,	 -1.43899646917868384577,	 0.00000000000000000000,	 0.00000000000000000000,	 -0.07194982345893420617,	 0.05000000000000000971,	 0.00092442362249014847,	 0.00000000000000000000,	 0.00000000000000000000
6.77270000000000038654,	 2.00000000000000000000,	 1.50000000000000000000,	 7.06858347057703451100, 320961.18530716805253177881,	 1.87784331779285462716,	 0.37784331779285462716,	 11.07818411943136638342,	 7.48223520856171742111,	 0.67540267681936438926,	 213749.71065695583820343018,	 213749.93874134376528672874,	 0.00000000000000000000,	 0.00000000000000000000,	 -1.43867738148293833333,	 0.00000000000000000000,	 0.00000000000000000000,	 -0.07193386907414692222,	 0.05000000000000000278,	 0.00092413277499505655,	 0.00000000000000000000,	 0.00000000000000000000
6.77380000000000048743,	 2.00000000000000000000,	 1.50000000000000000000,	 7.06858347057703451100, 320961.18530716805253177881,	 1.87749449808274815332,	 0.37749449808274815332,	 11.07406883459372082257,	 7.47529399286731077723,	 0.67502686722658067353,	 213551.62697996749193407595,	 213551.85481060322490520775,	 0.00000000000000000000,	 0.00000000000000000000,	 -1.43814401142778702791,	 0.00000000000000000000,	 0.00000000000000000000,	 -0.07190720057138935695,	 0.05000000000000000278,	 0.00092370436181519458,	 0.00000000000000000000,	 0.00000000000000000000
6.77490000000000058833,	 2.00000000000000000000,	 1.50000000000000000000,	 7.06858347057703451100, 320961.18530716805253177881,	 1.87714587506881414036,	 0.37714587506881414036,	 11.06995663418794606514,	 7.46727678168853259422,	 0.67455339062728914001,	 213353.83475546236149966717,	 213354.06226660075481049716,	 0.00000000000000000000,	 0.00000000000000000000,	 -1.43740217441025608380,	 0.00000000000000000000,	 0.00000000000000000000,	 -0.07187010872051280419,	 0.05000000000000000278,	 0.00092314216903842145,	 0.00000000000000000000,	 0.00000000000000000000
6.77600000000000068923,	 2.00000000000000000000,	 1.50000000000000000000,	 7.06858347057703451100, 320961.18530716805253177881,	 1.87679750010292178963,	 0.37679750010292178963,	 11.06584812247639959537,	 7.45821810291782316682,	 0.67398522195231125309,	 213156.35878034579218365252,	 213156.58590838548843748868,	 0.00000000000000000000,	 0.00000000000000000000,	 -1.43645805563008388539,	 0.00000000000000000000,	 0.00000000000000000000,	 -0.07182290278150420260,	 0.05000000000000000278,	 0.00092245021847817577,	 0.00000000000000000000,	 0.00000000000000000000
6.77709999999999990195,	 2.00000000000000000000,	 1.50000000000000000000,	 7.06858347057703451100, 320961.18530716805253177881,	 1.87644942314581975040,	 0.37644942314581975040,	 11.06174388687140641707,	 7.44815428605437723775,	 0.67332550475103603027,	 212959.22261229233117774129,	 212959.44929591001709923148,	 0.00000000000000000000,	 0.00000000000000000000,	 -1.43531820564014545027,	 0.00000000000000000000,	 0.00000000000000000000,	 -0.07176591028200728084,	 0.05000000000000000278,	 0.00092163276465872374,	 0.00000000000000000000,	 0.00000000000000000000
6.77820000000000000284,	 2.00000000000000000000,	 1.50000000000000000000,	 7.06858347057703451100, 320961.18530716805253177881,	 1.87610169263962722752,	 0.37610169263962722752,	 11.05764449644829028330,	 7.43712371660663151829,	 0.67257757463584866287,	 212762.44850474022678099573,	 212762.67468503717100247741,	 0.00000000000000000000,	 0.00000000000000000000,	 -1.43398959080847943071,	 0.00000000000000000000,	 0.00000000000000000000,	 -0.07169947954042396598,	 0.04999999999999999584,	 0.00092069432706080639,	 0.00000000000000000000,	 0.00000000000000000000
6.77930000000000010374,	 2.00000000000000000000,	 1.50000000000000000000,	 7.06858347057703451100, 320961.18530716805253177881,	 1.87575435538399215574,	 0.37575435538399215574,	 11.05355050050338761025,	 7.42516714132320476693,	 0.67174498736718635250,	 212566.05735436361283063889,	 212566.28297502762870863080,	 0.00000000000000000000,	 0.00000000000000000000,	 -1.43247965372240049220,	 0.00000000000000000000,	 0.00000000000000000000,	 -0.07162398268612002461,	 0.05000000000000000278,	 0.00091963972873518231,	 0.00000000000000000000,	 0.00000000000000000000
6.78040000000000020464,	 2.00000000000000000000,	 1.50000000000000000000,	 7.06858347057703451100, 320961.18530716805253177881,	 1.87540745642008421790,	 0.37540745642008421790,	 11.04946242720611593313,	 7.41232777403510301184,	 0.67083152894247444209,	 212370.06866814507520757616,	 212370.29367561519029550254,	 0.00000000000000000000,	 0.00000000000000000000,	 -1.43079633526253968689,	 0.00000000000000000000,	 0.00000000000000000000,	 -0.07153981676312698434,	 0.05000000000000000278,	 0.00091847411029369655,	 0.00000000000000000000,	 0.00000000000000000000
6.78150000000000030553,	 2.00000000000000000000,	 1.50000000000000000000,	 7.06858347057703451100, 320961.18530716805253177881,	 1.87506103892553155355,	 0.37506103892553155355,	 11.04538078238153175903,	 7.39865111164696287460,	 0.66984119944950548664,	 212174.50054233139962889254,	 212174.72488594765309244394,	 0.00000000000000000000,	 0.00000000000000000000,	 -1.42894804071732073325,	 0.00000000000000000000,	 0.00000000000000000000,	 -0.07144740203586603944,	 0.05000000000000000278,	 0.00091720290797886288,	 0.00000000000000000000,	 0.00000000000000000000
6.78260000000000040643,	 2.00000000000000000000,	 1.50000000000000000000,	 7.06858347057703451100, 320961.18530716805253177881,	 1.87471514411976802883,	 0.37471514411976802883,	 11.04130604841696161600,	 7.38418456411430401687,	 0.66877818002092292993,	 211979.36963948872289620340,	 211979.59327161576948128641,	 0.00000000000000000000,	 0.00000000000000000000,	 -1.42694356978682912462,	 0.00000000000000000000,	 0.00000000000000000000,	 -0.07134717848934145346,	 0.04999999999999999584,	 0.00091583180857448469,	 0.00000000000000000000,	 0.00000000000000000000
6.78370000000000050733,	 2.00000000000000000000,	 1.50000000000000000000,	 7.06858347057703451100, 320961.18530716805253177881,	 1.87436981117671264130,	 0.37436981117671264130,	 11.03723868325623946873,	 7.36897708067368828466,	 0.66764679936229032187,	 211784.69116051489254459739,	 211784.91403663923847489059,	 0.00000000000000000000,	 0.00000000000000000000,	 -1.42479204558495875510,	 0.00000000000000000000,	 0.00000000000000000000,	 -0.07123960227924794331,	 0.05000000000000000278,	 0.00091436670370279537,	 0.00000000000000000000,	 0.00000000000000000000
6.78480000000000060822,	 2.00000000000000000000,	 1.50000000000000000000,	 7.06858347057703451100, 320961.18530716805253177881,	 1.87402507714271959749,	 0.37402507714271959749,	 11.03317911945713625244,	 7.35307888700384015834,	 0.66645151024844706544,	 211590.47880911472020670772,	 211590.70088792248861864209,	 0.00000000000000000000,	 0.00000000000000000000,	 -1.42250286482733612203,	 0.00000000000000000000,	 0.00000000000000000000,	 -0.07112514324136681720,	 0.05000000000000000971,	 0.00091281365774555806,	 0.00000000000000000000,	 0.00000000000000000000
6.78590000000000070912,	 2.00000000000000000000,	 1.50000000000000000000,	 7.06858347057703451100, 320961.18530716805253177881,	 1.87368097685454171319,	 0.37368097685454171319,	 11.02912776324998844757,	 7.33654147668394340798,	 0.66519688901691176319,	 211396.74473950508399866521,	 211396.96598295567673631012,	 0.00000000000000000000,	 0.00000000000000000000,	 -1.42008569705098230962,	 0.00000000000000000000,	 0.00000000000000000000,	 -0.07100428485254911548,	 0.05000000000000000278,	 0.00091117890724594548,	 0.00000000000000000000,	 0.00000000000000000000
6.78699999999999992184,	 2.00000000000000000000,	 1.50000000000000000000,	 7.06858347057703451100, 320961.18530716805253177881,	 1.87333754285810560880,	 0.37333754285810560880,	 11.02508499360694393943,	 7.31941772236343801694,	 0.66388764591000515303,	 211203.49952311356901191175,	 211203.71989651676267385483,	 0.00000000000000000000,	 0.00000000000000000000,	 -1.41755050698899243145,	 0.00000000000000000000,	 0.00000000000000000000,	 -0.07087752534944961880,	 0.04999999999999999584,	 0.00090946887516916985,	 0.00000000000000000000,	 0.00000000000000000000
6.78810000000000002274,	 2.00000000000000000000,	 1.50000000000000000000,	 7.06858347057703451100, 320961.18530716805253177881,	 1.87299480533477602506,	 0.37299480533477602506,	 11.02105116140027440963,	 7.30176185642115349594,	 0.66252862358488784356,	 211010.75214085463085211813,	 211010.97161294316174462438,	 0.00000000000000000000,	 0.00000000000000000000,	 -1.41490755168745607762,	 0.00000000000000000000,	 0.00000000000000000000,	 -0.07074537758437281221,	 0.05000000000000000278,	 0.00090769016895620521,	 0.00000000000000000000,	 0.00000000000000000000
6.78920000000000012363,	 2.00000000000000000000,	 1.50000000000000000000,	 7.06858347057703451100, 320961.18530716805253177881,	 1.87265279203905476990,	 0.37265279203905476990,	 11.01702658869615092385,	 7.28362924468636130371,	 0.66112477682132630985,	 210818.50998897638055495918,	 210818.72853196164942346513,	 0.00000000000000000000,	 0.00000000000000000000,	 -1.41216733744103128956,	 0.00000000000000000000,	 0.00000000000000000000,	 -0.07060836687205156170,	 0.04999999999999999584,	 0.00090584955280900747,	 0.00000000000000000000,	 0.00000000000000000000
6.79030000000000022453,	 2.00000000000000000000,	 1.50000000000000000000,	 7.06858347057703451100, 320961.18530716805253177881,	 1.87231152856348015412,	 0.37231152856348015412,	 11.01301157189829460492,	 7.26507601314923867619,	 0.65968113859858312775,	 210626.78116703376872465014,	 210626.99875663607963360846,	 0.00000000000000000000,	 0.00000000000000000000,	 -1.40934054730671776134,	 0.00000000000000000000,	 0.00000000000000000000,	 -0.07046702736533588807,	 0.05000000000000000278,	 0.00090395390120098806,	 0.00000000000000000000,	 0.00000000000000000000
6.79140000000000032543,	 2.00000000000000000000,	 1.50000000000000000000,	 7.06858347057703451100, 320961.18530716805253177881,	 1.87197103787472363123,	 0.37197103787472363123,	 11.00900637631599288113,	 7.24615860625210306267,	 0.65820278039269575210,	 210435.56718540660222060978,	 210435.78380085664684884250,	 0.00000000000000000000,	 0.00000000000000000000,	 -1.40643795673241434052,	 0.00000000000000000000,	 0.00000000000000000000,	 -0.07032189783662072535,	 0.05000000000000000278,	 0.00090201014461602463,	 0.00000000000000000000,	 0.00000000000000000000
6.79250000000000042633,	 2.00000000000000000000,	 1.50000000000000000000,	 7.06858347057703451100, 320961.18530716805253177881,	 1.87163133994033592522,	 0.37163133994033592522,	 11.00501123180396234602,	 7.22693350304248482985,	 0.65669478665837144327,	 210244.87076961286948062479,	 210245.08639363429392687976,	 0.00000000000000000000,	 0.00000000000000000000,	 -1.40347037933080476257,	 0.00000000000000000000,	 0.00000000000000000000,	 -0.07017351896654024090,	 0.05000000000000000278,	 0.00090002523467356567,	 0.00000000000000000000,	 0.00000000000000000000
6.79360000000000052722,	 2.00000000000000000000,	 1.50000000000000000000,	 7.06858347057703451100, 320961.18530716805253177881,	 1.87129245227943385999,	 0.37129245227943385999,	 11.00102633927019013527,	 7.20745694736247077827,	 0.65516222987614580742,	 210054.69334457663353532553,	 210054.90796335035702213645,	 0.00000000000000000000,	 0.00000000000000000000,	 -1.40044861310286017364,	 0.00000000000000000000,	 0.00000000000000000000,	 -0.07002243065514300591,	 0.04999999999999999584,	 0.00089800610978523117,	 0.00000000000000000000,	 0.00000000000000000000
6.79470000000000062812,	 2.00000000000000000000,	 1.50000000000000000000,	 7.06858347057703451100, 320961.18530716805253177881,	 1.87095438989798412699,	 0.37095438989798412699,	 10.99705186994218131247,	 7.18778471967057086545,	 0.65361014976356224260,	 209865.03474177620955742896,	 209865.24834489013301208615,	 0.00000000000000000000,	 0.00000000000000000000,	 -1.39738339596659244535,	 0.00000000000000000000,	 0.00000000000000000000,	 -0.06986916979832961949,	 0.04999999999999999584,	 0.00089595966664861065,	 0.00000000000000000000,	 0.00000000000000000000
6.79580000000000072902,	 2.00000000000000000000,	 1.50000000000000000000,	 7.06858347057703451100, 320961.18530716805253177881,	 1.87061716526264443239,	 0.37061716526264443239,	 10.99308796508702990025,	 7.16797194082449795616,	 0.65204353531867242921,	 209675.89329525237553752959,	 209676.10587563834269531071,	 0.00000000000000000000,	 0.00000000000000000000,	 -1.39428536726192642270,	 0.00000000000000000000,	 0.00000000000000000000,	 -0.06971426836309632669,	 0.05000000000000000278,	 0.00089389273559816981,	 0.00000000000000000000,	 0.00000000000000000000
6.79689999999999994174,	 2.00000000000000000000,	 1.50000000000000000000,	 7.06858347057703451100, 320961.18530716805253177881,	 1.87028078829942079331,	 0.37028078829942079331,	 10.98913473602325474587,	 7.14807289675698243059,	 0.65046730870675673053,	 209487.26591020674095489085,	 209487.47746406658552587032,	 0.00000000000000000000,	 0.00000000000000000000,	 -1.39116503313537931419,	 0.00000000000000000000,	 0.00000000000000000000,	 -0.06955825165676897404,	 0.05000000000000000278,	 0.00089181205846331250,	 0.00000000000000000000,	 0.00000000000000000000
6.79800000000000004263,	 2.00000000000000000000,	 1.50000000000000000000,	 7.06858347057703451100, 320961.18530716805253177881,	 1.86994526640879143997,	 0.36994526640879143997,	 10.98519226432593320908,	 7.12814088546298130211,	 0.64888631113097539060,	 209299.14812005154090002179,	 209299.35864677393692545593,	 0.00000000000000000000,	 0.00000000000000000000,	 -1.38803273611778865693,	 0.00000000000000000000,	 0.00000000000000000000,	 -0.06940163680588942730,	 0.04999999999999999584,	 0.00088972426913046601,	 0.00000000000000000000,	 0.00000000000000000000
6.79910000000000014353,	 2.00000000000000000000,	 1.50000000000000000000,	 7.06858347057703451100, 320961.18530716805253177881,	 1.86961060449264548922,	 0.36961060449264548922,	 10.98126060217024502208,	 7.10822809365872476661,	 0.64730529136644965327,	 209111.53413726887083612382,	 209111.74363933899439871311,	 0.00000000000000000000,	 0.00000000000000000000,	 -1.38489863035861038298,	 0.00000000000000000000,	 0.00000000000000000000,	 -0.06924493151793052748,	 0.05000000000000000278,	 0.00088763587774410321,	 0.00000000000000000000,	 0.00000000000000000000
6.80020000000000024443,	 2.00000000000000000000,	 1.50000000000000000000,	 7.06858347057703451100, 320961.18530716805253177881,	 1.86927680499005122172,	 0.36927680499005122172,	 10.97733977277815853313,	 7.08838550353770902035,	 0.64572889700614344299,	 208924.41690108741750009358,	 208924.62538399163167923689,	 0.00000000000000000000,	 0.00000000000000000000,	 -1.38177266263051956585,	 0.00000000000000000000,	 0.00000000000000000000,	 -0.06908863313152598107,	 0.05000000000000000278,	 0.00088555325861631789,	 0.00000000000000000000,	 0.00000000000000000000
6.80130000000000034532,	 2.00000000000000000000,	 1.50000000000000000000,	 7.06858347057703451100, 320961.18530716805253177881,	 1.86894386792008182496,	 0.36894386792008182496,	 10.97342977094736582444,	 7.06866281818795183511,	 0.64416166738520941326,	 208737.78812430007383227348,	 208737.99559642694657668471,	 0.00000000000000000000,	 0.00000000000000000000,	 -1.37866455690204681162,	 0.00000000000000000000,	 0.00000000000000000000,	 -0.06893322784510234891,	 0.05000000000000000278,	 0.00088348264043070174,	 0.00000000000000000000,	 0.00000000000000000000
6.80240000000000044622,	 2.00000000000000000000,	 1.50000000000000000000,	 7.06858347057703451100, 320961.18530716805253177881,	 1.86861179093009521779,	 0.36861179093009521779,	 10.96953056364350587160,	 7.04910841299678025962,	 0.64260802885765733183,	 208551.63833674293709918857,	 208551.84480928230914287269,	 0.00000000000000000000,	 0.00000000000000000000,	 -1.37558380392708845541,	 0.00000000000000000000,	 0.00000000000000000000,	 -0.06877919019635442277,	 0.05000000000000000278,	 0.00088143009966685647,	 0.00000000000000000000,	 0.00000000000000000000
6.80350000000000054712,	 2.00000000000000000000,	 1.50000000000000000000,	 7.06858347057703451100, 320961.18530716805253177881,	 1.86828056934795072586,	 0.36828056934795072586,	 10.96564209063780026554,	 7.02976930758382767550,	 0.64107229193497705655,	 208365.95692830931511707604,	 208366.16241515104775317013,	 0.00000000000000000000,	 0.00000000000000000000,	 -1.37253965480938000532,	 0.00000000000000000000,	 0.00000000000000000000,	 -0.06862698274046900859,	 0.05000000000000000278,	 0.00087940155657542901,	 0.00000000000000000000,	 0.00000000000000000000
6.80460000000000064801,	 2.00000000000000000000,	 1.50000000000000000000,	 7.06858347057703451100, 320961.18530716805253177881,	 1.86795019623854008373,	 0.36795019623854008373,	 10.96176426519448376951,	 7.01069110869952361043,	 0.63955864577016063865,	 208180.73219844081904739141,	 208180.93671607150463387370,	 0.00000000000000000000,	 0.00000000000000000000,	 -1.36954110887544877606,	 0.00000000000000000000,	 0.00000000000000000000,	 -0.06847705544377244435,	 0.05000000000000000278,	 0.00087740276750912277,	 0.00000000000000000000,	 0.00000000000000000000
6.80570000000000074891,	 2.00000000000000000000,	 1.50000000000000000000,	 7.06858347057703451100, 320961.18530716805253177881,	 1.86762066246618685383,	 0.36762066246618685383,	 10.95789697482622138125,	 6.99191788459924001842,	 0.63807114637616157982,	 207995.95141487728687934577,	 207996.15498227119678631425,	 0.00000000000000000000,	 0.00000000000000000000,	 -1.36659688811450763524,	 0.00000000000000000000,	 0.00000000000000000000,	 -0.06832984440572538454,	 0.05000000000000000278,	 0.00087543930865294879,	 0.00000000000000000000,	 0.00000000000000000000
6.80679999999999996163,	 2.00000000000000000000,	 1.50000000000000000000,	 7.06858347057703451100, 320961.18530716805253177881,	 1.86729195676433290529,	 0.36729195676433290529,	 10.95404008213405511185,	 6.97349197108033624914,	 0.63661369857994598576,	 207811.60087998921517282724,	 207811.80351848981808871031,	 0.00000000000000000000,	 0.00000000000000000000,	 -1.36371539817068176959,	 0.00000000000000000000,	 0.00000000000000000000,	 -0.06818576990853410236,	 0.05000000000000000971,	 0.00087351655114982832,	 0.00000000000000000000,	 0.00000000000000000000
6.80790000000000006253,	 2.00000000000000000000,	 1.50000000000000000000,	 7.06858347057703451100, 320961.18530716805253177881,	 1.86696406581277751791,	 0.36696406581277751791,	 10.95019342573492515669,	 6.95545375087635697753,	 0.63519003550474173458,	 207627.66600040212506428361,	 207627.86773359272046945989,	 0.00000000000000000000,	 0.00000000000000000000,	 -1.36090468399714703551,	 0.00000000000000000000,	 0.00000000000000000000,	 -0.06804523419985734900,	 0.04999999999999999584,	 0.00087163963282078374,	 0.00000000000000000000,	 0.00000000000000000000
6.80900000000000016342,	 2.00000000000000000000,	 1.50000000000000000000,	 7.06858347057703451100, 320961.18530716805253177881,	 1.86663697432166486578,	 0.36663697432166486578,	 10.94635682126725306773,	 6.93784145951930319995,	 0.63380370042752853799,	 207444.13135641999542713165,	 207444.33220998532488010824,	 0.00000000000000000000,	 0.00000000000000000000,	 -1.35817239055355676314,	 0.00000000000000000000,	 0.00000000000000000000,	 -0.06790861952767784926,	 0.05000000000000000971,	 0.00086981343312996276,	 0.00000000000000000000,	 0.00000000000000000000
6.81010000000000026432,	 2.00000000000000000000,	 1.50000000000000000000,	 7.06858347057703451100, 320961.18530716805253177881,	 1.86631066512039711647,	 0.36631066512039711647,	 10.94253006245305570587,	 6.92069107476453826422,	 0.63245803623710428187,	 207260.98076539856265299022,	 207261.18076698237564414740,	 0.00000000000000000000,	 0.00000000000000000000,	 -1.35552573975416645879,	 0.00000000000000000000,	 0.00000000000000000000,	 -0.06777628698770833682,	 0.05000000000000000971,	 0.00086804255856882408,	 0.00000000000000000000,	 0.00000000000000000000
6.81120000000000036522,	 2.00000000000000000000,	 1.50000000000000000000,	 7.06858347057703451100, 320961.18530716805253177881,	 1.86598511924906551585,	 0.36598511924906551585,	 10.93871292218839741395,	 6.90403630449435734562,	 0.63115618387699101710,	 207078.19734243498533032835,	 207078.39652149920584633946,	 0.00000000000000000000,	 0.00000000000000000000,	 -1.35297152665609532463,	 0.00000000000000000000,	 0.00000000000000000000,	 -0.06764857633280477178,	 0.05000000000000000278,	 0.00086633134036660884,	 0.00000000000000000000,	 0.00000000000000000000
6.81230000000000046612,	 2.00000000000000000000,	 1.50000000000000000000,	 7.06858347057703451100, 320961.18530716805253177881,	 1.86566031605195936649,	 0.36566031605195936649,	 10.93490515365697213213,	 6.88790863709811507221,	 0.62990108650321341432,	 206895.76355651210178621113,	 206895.96194420149549841881,	 0.00000000000000000000,	 0.00000000000000000000,	 -1.35051612790089592409,	 0.00000000000000000000,	 0.00000000000000000000,	 -0.06752580639504481008,	 0.05000000000000000971,	 0.00086468384004601180,	 0.00000000000000000000,	 0.00000000000000000000
6.81340000000000056701,	 2.00000000000000000000,	 1.50000000000000000000,	 7.06858347057703451100, 320961.18530716805253177881,	 1.86533623326956887745,	 0.36533623326956887745,	 10.93110649142473533857,	 6.87233749768593149554,	 0.62869550333968127198,	 206713.66127435877569951117,	 206713.85890337673481553793,	 0.00000000000000000000,	 0.00000000000000000000,	 -1.34816553096746827300,	 0.00000000000000000000,	 0.00000000000000000000,	 -0.06740827654837340532,	 0.04999999999999999584,	 0.00086310386829734726,	 0.00000000000000000000,	 0.00000000000000000000
6.81450000000000066791,	 2.00000000000000000000,	 1.50000000000000000000,	 7.06858347057703451100, 320961.18530716805253177881,	 1.86501284712869819238,	 0.36501284712869819238,	 10.92731665251123907012,	 6.85735040404376672285,	 0.62754202354590493673,	 206531.87180874653859063983,	 206532.06871324218809604645,	 0.00000000000000000000,	 0.00000000000000000000,	 -1.34592536348914593169,	 0.00000000000000000000,	 0.00000000000000000000,	 -0.06729626817445728826,	 0.04999999999999999584,	 0.00086159500388176919,	 0.00000000000000000000,	 0.00000000000000000000
6.81560000000000076881,	 2.00000000000000000000,	 1.50000000000000000000,	 7.06858347057703451100, 320961.18530716805253177881,	 1.86469013243308334715,	 0.36469013243308334715,	 10.92353533746566185414,	 6.84297302349605551797,	 0.62644307104733309988,	 206350.37597639035084284842,	 206350.57219185098074376583,	 0.00000000000000000000,	 0.00000000000000000000,	 -1.34380090322017897719,	 0.00000000000000000000,	 0.00000000000000000000,	 -0.06719004516100894608,	 0.04999999999999999584,	 0.00086016060013686881,	 0.00000000000000000000,	 0.00000000000000000000
6.81669999999999998153,	 2.00000000000000000000,	 1.50000000000000000000,	 7.06858347057703451100, 320961.18530716805253177881,	 1.86436806265705423691,	 0.36436806265705423691,	 10.91976223147736924091,	 6.82922909455262150402,	 0.62540089699633261144,	 206169.15416551943053491414,	 206169.34972866042517125607,	 0.00000000000000000000,	 0.00000000000000000000,	 -1.34179706147728317056,	 0.00000000000000000000,	 0.00000000000000000000,	 -0.06708985307386415575,	 0.04999999999999999584,	 0.00085880377450096921,	 0.00000000000000000000,	 0.00000000000000000000
6.81780000000000008242,	 2.00000000000000000000,	 1.50000000000000000000,	 7.06858347057703451100, 320961.18530716805253177881,	 1.86404661004390992396,	 0.36404661004390992396,	 10.91599700554048801848,	 6.81614024089735615064,	 0.62441756235713308243,	 205988.18640955866430886090,	 205988.38135820475872606039,	 0.00000000000000000000,	 0.00000000000000000000,	 -1.33991834537318621479,	 0.00000000000000000000,	 0.00000000000000000000,	 -0.06699591726865930519,	 0.04999999999999999584,	 0.00085752738446956314,	 0.00000000000000000000,	 0.00000000000000000000
6.81890000000000018332,	 2.00000000000000000000,	 1.50000000000000000000,	 7.06858347057703451100, 320961.18530716805253177881,	 1.86372574570901727853,	 0.36372574570901727853,	 10.91223931767254207159,	 6.80372575594192774417,	 0.62349491775928955750,	 205807.45246113554458133876,	 205807.64683409177814610302,	 0.00000000000000000000,	 0.00000000000000000000,	 -1.33816881415048194448,	 0.00000000000000000000,	 0.00000000000000000000,	 -0.06690844070752409445,	 0.04999999999999999584,	 0.00085633399978832854,	 0.00000000000000000000,	 0.00000000000000000000
6.82000000000000028422,	 2.00000000000000000000,	 1.50000000000000000000,	 7.06858347057703451100, 320961.18530716805253177881,	 1.86340543974670058702,	 0.36340543974670058702,	 10.90848881417624482992,	 6.79200242578826518525,	 0.62263458683311334596,	 205626.93186513672117143869,	 205627.12570205106749199331,	 0.00000000000000000000,	 0.00000000000000000000,	 -1.33655204294724039293,	 0.00000000000000000000,	 0.00000000000000000000,	 -0.06682760214736202520,	 0.05000000000000000278,	 0.00085522587941522829,	 0.00000000000000000000,	 0.00000000000000000000
6.82110000000000038511,	 2.00000000000000000000,	 1.50000000000000000000,	 7.06858347057703451100, 320961.18530716805253177881,	 1.86308566134030484385,	 0.36308566134030484385,	 10.90474513093712261025,	 6.78098441554828923472,	 0.62183795532372532211,	 205446.60403222704189829528,	 205446.79737344838213175535,	 0.00000000000000000000,	 0.00000000000000000000,	 -1.33507109893460218508,	 0.00000000000000000000,	 0.00000000000000000000,	 -0.06675355494673010370,	 0.04999999999999999584,	 0.00085420495640955584,	 0.00000000000000000000,	 0.00000000000000000000
6.82220000000000048601,	 2.00000000000000000000,	 1.50000000000000000000,	 7.06858347057703451100, 320961.18530716805253177881,	 1.86276637887520690740,	 0.36276637887520690740,	 10.90100789475431852793,	 6.77068321423203833831,	 0.62110616555833919605,	 205266.44831352628534659743,	 205266.64119996072258800268,	 0.00000000000000000000,	 0.00000000000000000000,	 -1.33372852892777982170,	 0.00000000000000000000,	 0.00000000000000000000,	 -0.06668642644638898831,	 0.04999999999999999584,	 0.00085327283016829150,	 0.00000000000000000000,	 0.00000000000000000000
6.82330000000000058691,	 2.00000000000000000000,	 1.50000000000000000000,	 7.06858347057703451100, 320961.18530716805253177881,	 1.86244756005455314174,	 0.36244756005455314174,	 10.89727672470197994414,	 6.76110762297054357362,	 0.62044011488158723466,	 205086.44407571060582995415,	 205086.63654867868172004819,	 0.00000000000000000000,	 0.00000000000000000000,	 -1.33252635550912135187,	 0.00000000000000000000,	 0.00000000000000000000,	 -0.06662631777545606482,	 0.04999999999999999584,	 0.00085243076411100445,	 0.00000000000000000000,	 0.00000000000000000000
6.82440000000000068781,	 2.00000000000000000000,	 1.50000000000000000000,	 7.06858347057703451100, 320961.18530716805253177881,	 1.86212917201718308746,	 0.36212917201718308746,	 10.89355123351483634053,	 6.75226377422653811777,	 0.61984045693498801555,	 204906.57077476437552832067,	 204906.76287586041144095361,	 0.00000000000000000000,	 0.00000000000000000000,	 -1.33146607925922810800,	 0.00000000000000000000,	 0.00000000000000000000,	 -0.06657330396296141928,	 0.05000000000000000971,	 0.00085167968727229587,	 0.00000000000000000000,	 0.00000000000000000000
6.82549999999999990052,	 2.00000000000000000000,	 1.50000000000000000000,	 7.06858347057703451100, 320961.18530716805253177881,	 1.86181118145673907271,	 0.36181118145673907271,	 10.88983102898629162780,	 6.74415517756719840037,	 0.61930760538118245773,	 204726.80802629466052167118,	 204726.99979724970762617886,	 0.00000000000000000000,	 0.00000000000000000000,	 -1.33054868624565214574,	 0.00000000000000000000,	 0.00000000000000000000,	 -0.06652743431228261284,	 0.05000000000000000278,	 0.00085102019925540468,	 0.00000000000000000000,	 0.00000000000000000000
6.82660000000000000142,	 2.00000000000000000000,	 1.50000000000000000000,	 7.06858347057703451100, 320961.18530716805253177881,	 1.86149355474062372373,	 0.36149355474062372373,	 10.88611571536335098642,	 6.73678279273248126202,	 0.61884174014657944429,	 204547.13567080997745506465,	 204547.32715335965622216463,	 0.00000000000000000000,	 0.00000000000000000000,	 -1.32977466093414942172,	 0.00000000000000000000,	 0.00000000000000000000,	 -0.06648873304670747941,	 0.05000000000000000971,	 0.00085045257865032852,	 0.00000000000000000000,	 0.00000000000000000000
6.82770000000000010232,	 2.00000000000000000000,	 1.50000000000000000000,	 7.06858347057703451100, 320961.18530716805253177881,	 1.86117625802739605767,	 0.36117625802739605767,	 10.88240489472191718789,	 6.73014512928647867795,	 0.61844281612336171605,	 204367.53383341658627614379,	 204367.72506917497958056629,	 0.00000000000000000000,	 0.00000000000000000000,	 -1.32914400440252866709,	 0.00000000000000000000,	 0.00000000000000000000,	 -0.06645720022012643891,	 0.05000000000000000278,	 0.00084997679483752317,	 0.00000000000000000000,	 0.00000000000000000000
6.82880000000000020322,	 2.00000000000000000000,	 1.50000000000000000000,	 7.06858347057703451100, 320961.18530716805253177881,	 1.86085925738143154184,	 0.36085925738143154184,	 10.87869816830875890901,	 6.72423836562459609212,	 0.61811057367261901252,	 204187.98297850906965322793,	 204188.17400884971721097827,	 0.00000000000000000000,	 0.00000000000000000000,	 -1.32865625644878315725,	 0.00000000000000000000,	 0.00000000000000000000,	 -0.06643281282243916619,	 0.05000000000000000971,	 0.00084959252227454830,	 0.00000000000000000000,	 0.00000000000000000000
6.82990000000000030411,	 2.00000000000000000000,	 1.50000000000000000000,	 7.06858347057703451100, 320961.18530716805253177881,	 1.86054251888411137372,	 0.36054251888411137372,	 10.87499513784159432817,	 6.71905647572213204910,	 0.61784454986484627081,	 204008.46396021556574851274,	 204008.65482615947257727385,	 0.00000000000000000000,	 0.00000000000000000000,	 -1.32831051931112642528,	 0.00000000000000000000,	 0.00000000000000000000,	 -0.06641552596555631849,	 0.04999999999999999584,	 0.00084929915580486150,	 0.00000000000000000000,	 0.00000000000000000000
6.83100000000000040501,	 2.00000000000000000000,	 1.50000000000000000000,	 7.06858347057703451100, 320961.18530716805253177881,	 1.86022600873932875132,	 0.36022600873932875132,	 10.87129540674150085522,	 6.71459139557105899598,	 0.61764409339913717290,	 203828.95806320078554563224,	 203829.14880531383096240461,	 0.00000000000000000000,	 0.00000000000000000000,	 -1.32810548932753236251,	 0.00000000000000000000,	 0.00000000000000000000,	 -0.06640527446637663200,	 0.05000000000000000971,	 0.00084909583103324451,	 0.00000000000000000000,	 0.00000000000000000000
6.83210000000000050591,	 2.00000000000000000000,	 1.50000000000000000000,	 7.06858347057703451100, 320961.18530716805253177881,	 1.85990969337505607228,	 0.35990969337505607228,	 10.86759858131811817827,	 6.71083324638716138821,	 0.61750838477999914211,	 203649.44700813599047251046,	 203649.63766643861890770495,	 0.00000000000000000000,	 0.00000000000000000000,	 -1.32803949993818704023,	 0.00000000000000000000,	 0.00000000000000000000,	 -0.06640197499690936311,	 0.05000000000000000971,	 0.00084898145194110125,	 0.00000000000000000000,	 0.00000000000000000000
6.83320000000000060680,	 2.00000000000000000000,	 1.50000000000000000000,	 7.06858347057703451100, 320961.18530716805253177881,	 1.85959353951555073081,	 0.35959353951555073081,	 10.86390427161062355310,	 6.70777090581527879465,	 0.61743648858761723819,	 203469.91298284652293659747,	 203470.10359675524523481727,	 0.00000000000000000000,	 0.00000000000000000000,	 -1.32811063378606442065,	 0.00000000000000000000,	 0.00000000000000000000,	 -0.06640553168930322936,	 0.05000000000000000971,	 0.00084895476264995585,	 0.00000000000000000000,	 0.00000000000000000000
6.83430000000000070770,	 2.00000000000000000000,	 1.50000000000000000000,	 7.06858347057703451100, 320961.18530716805253177881,	 1.85927751431996757248,	 0.35927751431996757248,	 10.86021209300371026529,	 6.70539015463440879472,	 0.61742718256433570811,	 203290.33900571998674422503,	 203290.52961388288531452417,	 0.00000000000000000000,	 0.00000000000000000000,	 -1.32831635473235998290,	 0.00000000000000000000,	 0.00000000000000000000,	 -0.06641581773661800470,	 0.05000000000000000278,	 0.00084901411230982890,	 0.00000000000000000000,	 0.00000000000000000000
6.83539999999999992042,	 2.00000000000000000000,	 1.50000000000000000000,	 7.06858347057703451100, 320961.18530716805253177881,	 1.85896158553705692640,	 0.35896158553705692640,	 10.85652166802988105587,	 6.70367307116805033473,	 0.61747890126806670441,	 203110.70889898296445608139,	 203110.89953907972085289657,	 0.00000000000000000000,	 0.00000000000000000000,	 -1.32865338600243565459,	 0.00000000000000000000,	 0.00000000000000000000,	 -0.06643266930012178828,	 0.05000000000000000278,	 0.00084915737741628335,	 0.00000000000000000000,	 0.00000000000000000000
6.83650000000000002132,	 2.00000000000000000000,	 1.50000000000000000000,	 7.06858347057703451100, 320961.18530716805253177881,	 1.85864572161067265199,	 0.35864572161067265199,	 10.85283262759551625720,	 6.70259907485159356355,	 0.61758983159925306961,	 202931.00717494610580615699,	 202931.19788354614865966141,	 0.00000000000000000000,	 0.00000000000000000000,	 -1.32911791508940080320,	 0.00000000000000000000,	 0.00000000000000000000,	 -0.06645589575447004294,	 0.05000000000000000278,	 0.00084938209297308125,	 0.00000000000000000000,	 0.00000000000000000000
6.83760000000000012221,	 2.00000000000000000000,	 1.50000000000000000000,	 7.06858347057703451100, 320961.18530716805253177881,	 1.85832989174826157530,	 0.35832989174826157530,	 10.84914461177349132015,	 6.70214629038998310762,	 0.61775803809609231010,	 202751.21899035532260313630,	 202751.40980285214027389884,	 0.00000000000000000000,	 0.00000000000000000000,	 -1.32970586296693293882,	 0.00000000000000000000,	 0.00000000000000000000,	 -0.06648529314834664139,	 0.04999999999999999584,	 0.00084968562467393235,	 0.00000000000000000000,	 0.00000000000000000000
6.83870000000000022311,	 2.00000000000000000000,	 1.50000000000000000000,	 7.06858347057703451100, 320961.18530716805253177881,	 1.85801406597833529410,	 0.35801406597833529410,	 10.84545727046646668157,	 6.70229240359138422889,	 0.61798154162135354728,	 202571.33017277996987104416,	 202571.52112337286234833300,	 0.00000000000000000000,	 0.00000000000000000000,	 -1.33041305324231995399,	 0.00000000000000000000,	 0.00000000000000000000,	 -0.06652065266211600048,	 0.05000000000000000278,	 0.00085006527706164609,	 0.00000000000000000000,	 0.00000000000000000000
6.83980000000000032401,	 2.00000000000000000000,	 1.50000000000000000000,	 7.06858347057703451100, 320961.18530716805253177881,	 1.85769821521161659916,	 0.35769821521161659916,	 10.84177026411240518655,	 6.70301483339272863304,	 0.61825833513374961470,	 202391.32727726959274150431,	 202391.51839895406737923622,	 0.00000000000000000000,	 0.00000000000000000000,	 -1.33123524600753695424,	 0.00000000000000000000,	 0.00000000000000000000,	 -0.06656176230037684494,	 0.04999999999999999584,	 0.00085051831519010620,	 0.00000000000000000000,	 0.00000000000000000000
6.83990000000000009095,	 2.00000000000000000000,	 1.50000000000000000000,	 7.06858347057703451100, 320961.18530716805253177881,	 1.85766949928571256656,	 0.35766949928571256656,	 10.84143508688848811516,	 6.70310829328774548941,	 0.61828607002355351341,	 202374.95727690510102547705,	 202375.14841573729063384235,	 0.00000000000000000000,	 0.00000000000000000000,	 -1.33131554404330576524,	 0.00000000000000000000,	 0.00000000000000000000,	 -0.06656577720216529104,	 0.05000000000000000278,	 0.00085056304313707956,	 0.00000000000000000000,	 0.00000000000000000000


