x [cm], 	 0.25592592592592589007, 	 34.54999999999999715783, 	 68.84407407407405798949
0.00000000000000000000, 	 0.00000000000000000000, 	 0.00000000000000000000, 	 0.00000000000000000000
5.70020000000000059970, 	 567096.18444144201930612326, 	 562009.90782790631055831909, 	 558938.24116839631460607052
5.70130000000000070060, 	 566852.01508320786524564028, 	 561809.14341681648511439562, 	 558761.75943818339146673679
5.70239999999999991331, 	 566608.96246755041647702456, 	 561613.68655944638885557652, 	 558591.88258590083569288254
5.70350000000000001421, 	 566384.13823875656817108393, 	 561423.42494405515026301146, 	 558428.59030811418779194355
5.70460000000000011511, 	 566223.37308446108363568783, 	 561238.24122471036389470100, 	 558271.85662783123552799225
5.70570000000000021600, 	 566180.22768101282417774200, 	 561058.01307363144587725401, 	 558121.64942035230342298746
5.70680000000000031690, 	 566280.00351561035495251417, 	 560882.61360754433553665876, 	 557977.92994636180810630322
5.70790000000000041780, 	 566507.79256366251502186060, 	 560711.91189465031493455172, 	 557840.65237448632251471281
5.70900000000000051870, 	 566830.98094715899787843227, 	 560545.77358057629317045212, 	 557709.76315347058698534966
5.71010000000000061959, 	 567147.15251389809418469667, 	 560384.06212508783210068941, 	 557585.20015293743927031755
5.71119999999999983231, 	 567442.54601242474745959044, 	 560226.64203909493517130613, 	 557466.89330393413547426462
5.71229999999999993321, 	 567709.86443558963946998119, 	 560073.38670705375261604786, 	 557354.76508886786177754402
5.71340000000000003411, 	 567941.28565985185559839010, 	 559924.19405756832566112280, 	 557248.72993849241174757481
5.71450000000000013500, 	 568153.52633820124901831150, 	 559779.01265037723351269960, 	 557148.69303024269174784422
5.71560000000000023590, 	 568363.21044728311244398355, 	 559637.87827187299262732267, 	 557054.55058828287292271852
5.71670000000000033680, 	 568585.63412101950962096453, 	 559500.95723402977455407381, 	 556966.18977146048564463854
5.71780000000000043769, 	 568829.34210055274888873100, 	 559368.58938434452284127474, 	 556883.48816972260829061270
5.71890000000000053859, 	 569093.16552124207373708487, 	 559241.32287893863394856453, 	 556806.31397550832480192184
5.72000000000000063949, 	 569372.57135754066985100508, 	 559119.93355846614576876163, 	 556734.52658127108588814735
5.72109999999999985221, 	 569663.33537042606621980667, 	 559005.42415729712229222059, 	 556667.97638315346557646990
5.72219999999999995310, 	 569963.26148619339801371098, 	 558899.00243856653105467558, 	 556606.50504440616350620985
5.72330000000000005400, 	 570271.81695810006931424141, 	 558801.97982995538040995598, 	 556549.94661656522657722235
5.72440000000000015490, 	 570589.28028616239316761494, 	 558716.15604264079593122005, 	 556498.12919874046929180622
5.72550000000000025580, 	 570916.08122676715720444918, 	 558642.83691531047224998474, 	 556450.87753988523036241531
5.72660000000000035669, 	 571252.31334369443356990814, 	 558583.62142670224420726299, 	 556408.01697793020866811275
5.72770000000000045759, 	 571597.43898808688391000032, 	 558539.98680805088952183723, 	 556369.37907817424274981022
5.72880000000000055849, 	 571950.28116389492060989141, 	 558513.29987328243441879749, 	 556334.80925103311892598867
5.72990000000000065938, 	 572309.29012353694997727871, 	 558504.78728470066562294960, 	 556304.17648565466515719891
5.73099999999999987210, 	 572672.92983628646470606327, 	 558515.51834322744980454445, 	 556277.38513810257427394390
5.73209999999999997300, 	 573039.97836020379327237606, 	 558546.40211338887456804514, 	 556254.38848217308986932039
5.73320000000000007390, 	 573409.69070269574876874685, 	 558600.51751099410466849804, 	 556235.20349735836498439312
5.73430000000000017479, 	 573781.69402823224663734436, 	 558669.22918317152652889490, 	 556219.92616279982030391693
5.73540000000000027569, 	 574155.84170048474334180355, 	 558762.50836916174739599228, 	 556208.74750711768865585327
5.73650000000000037659, 	 574532.06780966499354690313, 	 558877.37013127061072736979, 	 556201.96441165672149509192
5.73760000000000047748, 	 574910.28921044501475989819, 	 559013.66493192699272185564, 	 556199.87810348253697156906
5.73870000000000057838, 	 575290.37021386437118053436, 	 559171.23741994367446750402, 	 556203.37298232561443001032
5.73980000000000067928, 	 575672.10427295847330242395, 	 559349.80802500806748867035, 	 556212.86718002799898386002
5.74089999999999989200, 	 576055.26129304000642150640, 	 559548.98358640749938786030, 	 556229.12931129359640181065
5.74199999999999999289, 	 576439.62163394351955503225, 	 559768.28350376384332776070, 	 556261.52376278967130929232
5.74310000000000009379, 	 576824.98955742304679006338, 	 560007.15377100766636431217, 	 556287.51354681025259196758
5.74420000000000019469, 	 577211.21364604635164141655, 	 560264.97929616365581750870, 	 556326.94195707188919186592
5.74530000000000029559, 	 577598.17456991935614496469, 	 560541.09523558372166007757, 	 556381.10025205300189554691
5.74640000000000039648, 	 577985.76616196474060416222, 	 560834.79737153346650302410, 	 556449.79096022248268127441
5.74750000000000049738, 	 578373.90206915070302784443, 	 561145.35140164289623498917, 	 556532.35946501616854220629
5.74860000000000059828, 	 578762.51173831243067979813, 	 561472.00130035774782299995, 	 556628.82770249433815479279
5.74970000000000069917, 	 579151.54422291123773902655, 	 561813.97695588634815067053, 	 556742.09242085122969001532
5.75079999999999991189, 	 579540.97482116916216909885, 	 562170.50111726461909711361, 	 556874.17967949551530182362
5.75190000000000001279, 	 579930.80696173431351780891, 	 562540.79566872073337435722, 	 557025.84980441327206790447
5.75300000000000011369, 	 580321.07681138650514185429, 	 562924.08740888570901006460, 	 557198.88282159424852579832
5.75410000000000021458, 	 580711.83716231631115078926, 	 563319.61357316852081567049, 	 557394.06463206466287374496
5.75520000000000031548, 	 581103.16327508701942861080, 	 563726.62723037577234208584, 	 557612.68344546714797616005
5.75630000000000041638, 	 581495.15174858551472425461, 	 564144.40255070233251899481, 	 557855.94194875715766102076
5.75740000000000051728, 	 581887.91582610574550926685, 	 564572.23987840465269982815, 	 558124.92030158685520291328
5.75850000000000061817, 	 582281.58116017235442996025, 	 565009.47053406876511871815, 	 558420.25529355113394558430
5.75960000000000071907, 	 582676.28268040542025119066, 	 565455.46128387073986232281, 	 558742.60093109065201133490
5.76069999999999993179, 	 583072.16252440994139760733, 	 565909.61843166011385619640, 	 559092.54567303811199963093
5.76180000000000003268, 	 583469.37325516098644584417, 	 566371.39150224812328815460, 	 559470.54339285218156874180
5.76290000000000013358, 	 583868.00026572530623525381, 	 566840.27649204456247389317, 	 559876.89579706813674420118
5.76400000000000023448, 	 584268.13370765862055122852, 	 567315.81866968353278934956, 	 560311.75558871822431683540
5.76510000000000033538, 	 584669.98260191176086664200, 	 567797.61491492472123354673, 	 560775.13494641787838190794
5.76620000000000043627, 	 585073.76458406983874738216, 	 568285.31558848661370575428, 	 561266.91425785061437636614
5.76730000000000053717, 	 585479.67688729939982295036, 	 568778.62595467490609735250, 	 561786.85021179739851504564
5.76840000000000063807, 	 585887.88996637146919965744, 	 569277.30721961392555385828, 	 562334.58357192727271467447
5.76949999999999985079, 	 586298.55497419124003499746, 	 569781.17759079416282474995, 	 562909.64706680795643478632
5.77059999999999995168, 	 586711.81386099627707153559, 	 570290.11445539118722081184, 	 563511.47363921825308352709
5.77170000000000005258, 	 587127.80483527050819247961, 	 570804.00536983134225010872, 	 564139.40589156630448997021
5.77280000000000015348, 	 587546.66298542823642492294, 	 571322.82686122786253690720, 	 564792.71361042023636400700
5.77390000000000025437, 	 587968.51919054472818970680, 	 571846.63227763422764837742, 	 565470.57696121546905487776
5.77500000000000035527, 	 588393.49601157265715301037, 	 572375.50132505910005420446, 	 566172.11573029984720051289
5.77610000000000045617, 	 588821.70375927467830479145, 	 572909.55741345556452870369, 	 566896.39688036637380719185
5.77720000000000055707, 	 589253.24288894503843039274, 	 573448.96541809220798313618, 	 567642.46151594573166221380
5.77830000000000065796, 	 589688.20221420435700565577, 	 573993.92789228935725986958, 	 568409.31101127958390861750
5.77939999999999987068, 	 590126.66530464054085314274, 	 574544.68098524271044880152, 	 569195.89327794243581593037
5.78049999999999997158, 	 590568.62960528745315968990, 	 575101.49011656327638775110, 	 570001.13085551955737173557
5.78160000000000007248, 	 591014.03042104584164917469, 	 575664.64545898628421127796, 	 570823.93976407649461179972
5.78270000000000017337, 	 591462.88083479879423975945, 	 576234.45729618263430893421, 	 571663.23418276023585349321
5.78380000000000027427, 	 591915.27011165046133100986, 	 576811.25131393212359398603, 	 572517.86907051887828856707
5.78490000000000037517, 	 592371.40066386957187205553, 	 577395.36387866386212408543, 	 573386.88011922489386051893
5.78600000000000047606, 	 592831.23961145489010959864, 	 577987.13735496520530432463, 	 574269.26326856832019984722
5.78710000000000057696, 	 593294.73060889542102813721, 	 578586.91550944885239005089, 	 575163.86900183383841067553
5.78820000000000067786, 	 593761.80381465342361479998, 	 579195.03904251381754875183, 	 576069.62131604377645999193
5.78929999999999989058, 	 594232.38673518365249037743, 	 579811.84128243383020162582, 	 576985.52459940698463469744
5.79039999999999999147, 	 594706.39807170536369085312, 	 580437.64407092321198433638, 	 577910.63206573610659688711
5.79150000000000009237, 	 595183.75172793597448617220, 	 581072.75387100013904273510, 	 578844.02904580498579889536
5.79260000000000019327, 	 595664.37765808333642780781, 	 581717.45813282637391239405, 	 579784.83038841804955154657
5.79370000000000029416, 	 596148.21335307299159467220, 	 582372.02195245539769530296, 	 580732.18397027568425983191
5.79480000000000039506, 	 596635.16748366004321724176, 	 583036.68504940043203532696, 	 581685.27821933384984731674
5.79590000000000049596, 	 597125.09478936647064983845, 	 583711.65907594456803053617, 	 582643.30510029441211372614
5.79700000000000059686, 	 597617.80489349795971065760, 	 584397.12525949894916266203, 	 583605.52629984554369002581
5.79810000000000069775, 	 598113.09432004671543836594, 	 585093.23237178474664688110, 	 584571.35694435692857950926
5.79919999999999991047, 	 598610.78496753156650811434, 	 585800.09501540323253720999, 	 585540.15582446299958974123
5.80030000000000001137, 	 599110.72965128486976027489, 	 586517.79221828607842326164, 	 586511.28709777619224041700
5.80140000000000011227, 	 599612.79212359373923391104, 	 587246.36632714781444519758, 	 587484.17749278468545526266
5.80250000000000021316, 	 600116.83159057691227644682, 	 587985.82218992302659898996, 	 588458.32177253370173275471
5.80360000000000031406, 	 600622.66798439051490277052, 	 588736.12661446479614824057, 	 589433.27139897132292389870
5.80470000000000041496, 	 601130.14338634489104151726, 	 589497.20808804221451282501, 	 590408.62466010940261185169
5.80580000000000051585, 	 601639.11594083439558744431, 	 590268.95674029388464987278, 	 591384.02167441614437848330
5.80690000000000061675, 	 602149.44721602532081305981, 	 591051.22453160909935832024, 	 592359.14272902777884155512
5.80800000000000071765, 	 602660.96624550153501331806, 	 591843.82564970862586051226, 	 593333.70614585757721215487
5.80909999999999993037, 	 603173.48729694902431219816, 	 592646.53709942544810473919, 	 594307.46903051703702658415
5.81020000000000003126, 	 603686.83707733999472111464, 	 593459.09947354067116975784, 	 595280.23221672803629189730
5.81130000000000013216, 	 604200.85691893263719975948, 	 594281.21789525612257421017, 	 596251.80525083898101001978
5.81240000000000023306, 	 604715.40580006316304206848, 	 595112.56312524224631488323, 	 597222.04426701541524380445
5.81350000000000033396, 	 605230.33778505690861493349, 	 595952.77282797428779304028, 	 598190.87877570022828876972
5.81460000000000043485, 	 605745.51412408670876175165, 	 596801.45299265801440924406, 	 599158.24751383706461638212
5.81570000000000053575, 	 606260.79904994310345500708, 	 597658.17950277507770806551, 	 600124.10010527644772082567
5.81680000000000063665, 	 606776.06711882911622524261, 	 598522.49984540301375091076, 	 601088.39693779521621763706
5.81789999999999984936, 	 607291.19928949722088873386, 	 599393.93494866287801414728, 	 602051.11353227146901190281
5.81899999999999995026, 	 607806.08328605000860989094, 	 600271.98113423644099384546, 	 603012.27192542329430580139
5.82010000000000005116, 	 608320.60853790794499218464, 	 601156.11217205435968935490, 	 603971.92747370270080864429
5.82120000000000015206, 	 608834.66222202568314969540, 	 602045.78142499784007668495, 	 604930.13641408702824264765
5.82230000000000025295, 	 609348.13929797871969640255, 	 602940.42407211055979132652, 	 605886.95025704929139465094
5.82340000000000035385, 	 609860.94693622074555605650, 	 603839.45939920644741505384, 	 606842.43293258605990558863
5.82450000000000045475, 	 610373.00343062693718820810, 	 604742.29314582841470837593, 	 607796.65573534590657800436
5.82560000000000055564, 	 610884.23593581677414476871, 	 605648.31989731022622436285, 	 608749.69648616004269570112
5.82670000000000065654, 	 611394.57873449369799345732, 	 606556.92551022034604102373, 	 609701.62773974961601197720
5.82779999999999986926, 	 611903.97232078132219612598, 	 607467.48956074868328869343, 	 610652.51964721723925322294
5.82889999999999997016, 	 612412.36316494154743850231, 	 608379.38780426734592765570, 	 611602.43671872396953403950
5.83000000000000007105, 	 612919.70383081061299890280, 	 609291.99462734186090528965, 	 612551.43588309083133935928
5.83110000000000017195, 	 613425.95332811644766479731, 	 610204.68547136452980339527, 	 613499.56251717871055006981
5.83220000000000027285, 	 613931.07775441941339522600, 	 611116.83921340759843587875, 	 614446.84975429868791252375
5.83330000000000037375, 	 614435.04978896898683160543, 	 612027.84050113463308662176, 	 615393.31244021747261285782
5.83440000000000047464, 	 614937.84708496171515434980, 	 612937.08204764476977288723, 	 616338.94559955887962132692
5.83550000000000057554, 	 615439.45301221462432295084, 	 613843.96693029138259589672, 	 617283.72393146774265915155
5.83660000000000067644, 	 615939.85705532238353043795, 	 614747.91155677579808980227, 	 618227.59990696469321846962
5.83769999999999988916, 	 616439.05444348184391856194, 	 615648.52035781345330178738, 	 619170.50209518650081008673
5.83879999999999999005, 	 616937.04254582140129059553, 	 616544.69319281529169529676, 	 620112.33367241022642701864
5.83990000000000009095, 	 617433.82180092448834329844, 	 617436.46649391402024775743, 	 621052.97159487532917410135
5.84100000000000019185, 	 617929.54267498746048659086, 	 618323.10899302293546497822, 	 621992.26449383038561791182
5.84210000000000029274, 	 618423.17326390137895941734, 	 619204.13998362899292260408, 	 622930.03108396520838141441
5.84320000000000039364, 	 618914.83699591876938939095, 	 620079.08801634470000863075, 	 623866.06003186537418514490
5.84430000000000049454, 	 619406.44684397510718554258, 	 620947.50631323165725916624, 	 624800.11050438077654689550
5.84540000000000059543, 	 619897.48861093376763164997, 	 621808.97317370737437158823, 	 625731.91111015598289668560
5.84650000000000069633, 	 620387.49382543005049228668, 	 622663.09289416344836354256, 	 626661.16188465920276939869
5.84759999999999990905, 	 620876.30871022073552012444, 	 623509.49656721926294267178, 	 627587.53438248776365071535
5.84870000000000000995, 	 621363.92422031576279550791, 	 624347.84265352948568761349, 	 628510.67025883099995553493
5.84980000000000011084, 	 621850.37201994122005999088, 	 625177.81732896540779620409, 	 629430.18295953061897307634
5.85090000000000021174, 	 622335.70412905886769294739, 	 625999.13463136483915150166, 	 630345.66069186618551611900
5.85200000000000031264, 	 622820.86558289872482419014, 	 626811.53645323333330452442, 	 631256.66728409624192863703
5.85310000000000041354, 	 623304.92410591896623373032, 	 627614.79242788616102188826, 	 632162.74345429020468145609
5.85420000000000051443, 	 623787.68158933334052562714, 	 628408.69972788251470774412, 	 633063.40866101847495883703
5.85530000000000061533, 	 624269.20677831757348030806, 	 629193.08276091155130416155, 	 633958.16293747501913458109
5.85640000000000071623, 	 624749.57105532777495682240, 	 629967.79273016878869384527, 	 634846.48886713862884789705
5.85749999999999992895, 	 625228.81037878827191889286, 	 630732.70702963136136531830, 	 635727.85407145612407475710
5.85860000000000002984, 	 625707.50589309493079781532, 	 631487.72846435790415853262, 	 636601.71429134672507643700
5.85970000000000013074, 	 626185.62896628829184919596, 	 632232.78430189110804349184, 	 637467.51688235730398446321
5.86080000000000023164, 	 626662.11684371193405240774, 	 632967.82515604235231876373, 	 638324.70044170098844915628
5.86190000000000033253, 	 627137.24067631189245730639, 	 633692.82369209849275648594, 	 639172.69972998264711350203
5.86300000000000043343, 	 627611.10960643063299357891, 	 634407.77314977499190717936, 	 640010.94959255238063633442
5.86410000000000053433, 	 628083.74028747458942234516, 	 635112.68570035358425229788, 	 640838.88763683335855603218
5.86520000000000063523, 	 628555.10650185809936374426, 	 635807.59067536075599491596, 	 641655.95575043861754238605
5.86629999999999984794, 	 629025.15941540035419166088, 	 636492.53271614154800772667, 	 642461.60229015885852277279
5.86739999999999994884, 	 629493.83691233408171683550, 	 637167.56988266296684741974, 	 643255.28443230129778385162
5.86850000000000004974, 	 629961.06869332503993064165, 	 637832.77173703245352953672, 	 644036.47378910856787115335
5.86960000000000015064, 	 630426.77830051246564835310, 	 638488.21740516880527138710, 	 644804.65932232071645557880
5.87070000000000025153, 	 630890.88880839222110807896, 	 639133.99362352234311401844, 	 645559.34889602591283619404
5.87180000000000035243, 	 631353.31440281961113214493, 	 639770.19278786203358322382, 	 646300.06973381247371435165
5.87290000000000045333, 	 631813.96930217382032424212, 	 640396.91102924011647701263, 	 647026.37118784850463271141
5.87400000000000055422, 	 632272.76772027974948287010, 	 641014.24634525075089186430, 	 647737.82789578184019774199
5.87510000000000065512, 	 632729.62097796169109642506, 	 641622.29681372281629592180, 	 648434.04168341204058378935
5.87619999999999986784, 	 633184.43552056758198887110, 	 642221.15890966169536113739, 	 649114.64195865392684936523
5.87729999999999996874, 	 633637.10264537064358592033, 	 642810.92593666538596153259, 	 649779.29358180798590183258
5.87840000000000006963, 	 634087.50901381380390375853, 	 643391.68658000347204506397, 	 650427.69558516354300081730
5.87950000000000017053, 	 634535.51609453093260526657, 	 643963.52358845074195414782, 	 651059.57646250596735626459
5.88060000000000027143, 	 634981.00303851917851716280, 	 644526.51259098527953028679, 	 651674.69716389267705380917
5.88170000000000037232, 	 635423.85281892225611954927, 	 645080.72105227061547338963, 	 652272.85439418267924338579
5.88280000000000047322, 	 635863.93992735561914741993, 	 645626.20736866211518645287, 	 652853.88165131001733243465
5.88390000000000057412, 	 636301.12708925397600978613, 	 646163.02010494517162442207, 	 653417.64906789804808795452
5.88500000000000067502, 	 636735.26730117911938577890, 	 646691.19737088144756853580, 	 653964.06297642912250012159
5.88609999999999988773, 	 637166.20694485388230532408, 	 647210.76633549469988793135, 	 654493.06547280400991439819
5.88719999999999998863, 	 637593.78635266795754432678, 	 647721.74287596601061522961, 	 655004.63394454575609415770
5.88830000000000008953, 	 638017.84409430669620633125, 	 648224.13135738368146121502, 	 655498.78051773039624094963
5.88940000000000019043, 	 638438.21907327708322554827, 	 648717.92453946941532194614, 	 655975.55211105232592672110
5.89050000000000029132, 	 638854.74741734936833381653, 	 649203.10360639973077923059, 	 656435.02665196964517235756
5.89160000000000039222, 	 639267.26249154401011765003, 	 649679.63831555633805692196, 	 656877.31451874098274856806
5.89270000000000049312, 	 639675.59478016174398362637, 	 650147.48726034269202500582, 	 657302.55665778170805424452
5.89380000000000059401, 	 640079.57386532041709870100, 	 650606.59824124234728515148, 	 657710.92293035343755036592
5.89490000000000069491, 	 640479.02855835296213626862, 	 651056.90873821952845901251, 	 658102.61046152736525982618
5.89599999999999990763, 	 640873.78713102382607758045, 	 651498.34647669631522148848, 	 658477.84179122687783092260
5.89710000000000000853, 	 641263.68081920349504798651, 	 651930.83007897343486547470, 	 658836.86296161205973476171
5.89820000000000010942, 	 641648.55703093903139233589, 	 652354.26979291392490267754, 	 659179.94178412016481161118
5.89930000000000021032, 	 642028.27727863588370382786, 	 652768.58025126240681856871, 	 659507.36976148351095616817
5.90040000000000031122, 	 642402.67910614877473562956, 	 653173.62306389922741800547, 	 659819.45721549913287162781
5.90150000000000041211, 	 642771.54394802101887762547, 	 653569.31895974499639123678, 	 660116.52281599654816091061
5.90260000000000051301, 	 643134.65923621284309774637, 	 653955.54398239974398165941, 	 660398.89651354355737566948
5.90370000000000061391, 	 643491.84076721116434782743, 	 654332.17949172051157802343, 	 660666.92020192765630781651
5.90480000000000071481, 	 643842.89873145567253232002, 	 654699.10403417167253792286, 	 660920.94475839473307132721
5.90589999999999992752, 	 644187.66657369467429816723, 	 655056.19437710929196327925, 	 661161.33036663138773292303
5.90700000000000002842, 	 644526.01165344042237848043, 	 655403.32656728208530694246, 	 661388.44310441578272730112
5.90810000000000012932, 	 644857.81187130999751389027, 	 655740.37700495682656764984, 	 661602.65222917555365711451
5.90920000000000023022, 	 645182.93232452147640287876, 	 656067.22352000384125858545, 	 661804.32803431688807904720
5.91030000000000033111, 	 645501.21900094929151237011, 	 656383.74643613921944051981, 	 661993.83997728745453059673
5.91140000000000043201, 	 645812.50757764966692775488, 	 656689.82960862759500741959, 	 662171.55494440766051411629
5.91250000000000053291, 	 646116.63567135250195860863, 	 656985.36142190918326377869, 	 662337.83560110593680292368
5.91360000000000063380, 	 646413.45028601575177162886, 	 657270.23573689174372702837, 	 662493.03881664236541837454
5.91469999999999984652, 	 646702.80963725282344967127, 	 657544.35278179019223898649, 	 662637.51416880567558109760
5.91579999999999994742, 	 646984.57980263000354170799, 	 657807.61998434201814234257, 	 662771.60253857693169265985
5.91690000000000004832, 	 647258.62888948642648756504, 	 658059.95274574623908847570, 	 662895.63480423670262098312
5.91800000000000014921, 	 647524.83023138018324971199, 	 658301.27515709737781435251, 	 663009.93064236687496304512
5.91910000000000025011, 	 647783.05913926055654883385, 	 658531.52065804123412817717, 	 663114.79744114587083458900
5.92020000000000035101, 	 648033.19216904824133962393, 	 658750.63263618934433907270, 	 663210.52932971902191638947
5.92130000000000045191, 	 648275.10919541609473526478, 	 658958.56496302422601729631, 	 663297.40632621792610734701
5.92240000000000055280, 	 648508.68726856075227260590, 	 659155.28245893237181007862, 	 663375.69360606058035045862
5.92350000000000065370, 	 648733.78095205605495721102, 	 659340.76128118589986115694, 	 663445.64089135359972715378
5.92459999999999986642, 	 648950.29984056577086448669, 	 659514.98923213081434369087, 	 663507.48196145799010992050
5.92569999999999996732, 	 649158.20730209804605692625, 	 659677.96598725090734660625, 	 663561.43428404594305902719
5.92680000000000006821, 	 649357.54710149648599326611, 	 659829.70324338774662464857, 	 663607.69876526517327874899
5.92790000000000016911, 	 649550.74173594627063721418, 	 659970.22478661697823554277, 	 663646.45961695699952542782
5.92900000000000027001, 	 649733.70954642246942967176, 	 660099.56647865427657961845, 	 663677.88337985111866146326
5.93010000000000037090, 	 649906.35795608046464622021, 	 660217.77616195438895374537, 	 663702.11803453590255230665
5.93120000000000047180, 	 650069.95846454799175262451, 	 660324.91348516684956848621, 	 663719.30713845661375671625
5.93230000000000057270, 	 650224.34340634511318057775, 	 660421.04965086246374994516, 	 663729.56922572222538292408
5.93340000000000067359, 	 650369.40009967773221433163, 	 660506.26709580596070736647, 	 663733.13507203711196780205
5.93449999999999988631, 	 650505.00106716516893357038, 	 660580.65914340864401310682, 	 663729.56907873391173779964
5.93559999999999998721, 	 650631.04490250162780284882, 	 660644.32967053411994129419, 	 663719.46942698163911700249
5.93670000000000008811, 	 650747.46306983998510986567, 	 660697.39276910142507404089, 	 663702.83983774448279291391
5.93780000000000018900, 	 650854.20603606314398348331, 	 660739.97233126568607985973, 	 663673.85156957095023244619
5.93890000000000028990, 	 650951.25970460637472569942, 	 660772.20149735349696129560, 	 663642.97705109172966331244
5.94000000000000039080, 	 651038.61138285335619002581, 	 660794.22194719547405838966, 	 663616.48518853669520467520
5.94110000000000049170, 	 651116.20276372844818979502, 	 660806.18304814468137919903, 	 663573.86058185074944049120
5.94220000000000059259, 	 651183.94499636918772011995, 	 660808.24088996986392885447, 	 663526.30476902984082698822
5.94330000000000069349, 	 651241.72275776439346373081, 	 660800.55724095343612134457, 	 663467.28973987780045717955
5.94439999999999990621, 	 651289.65120725799351930618, 	 660783.29831557010766118765, 	 663404.28443000908009707928
5.94550000000000000711, 	 651324.83795463992282748222, 	 660756.55286636482924222946, 	 663335.90785708895418792963
5.94660000000000010800, 	 651352.40999280137475579977, 	 660720.75980780576355755329, 	 663260.66146096796728670597
5.94770000000000020890, 	 651366.74759873433504253626, 	 660675.80061501136515289545, 	 663178.18377328256610780954
5.94880000000000030980, 	 651368.19964971649460494518, 	 660621.95937117596622556448, 	 663089.42977854004129767418
5.94990000000000041069, 	 651355.90991894365288317204, 	 660559.40371359535492956638, 	 662994.24849445582367479801
5.95100000000000051159, 	 651336.11095684813335537910, 	 660488.30637810262851417065, 	 662892.23764120915438979864
5.95210000000000061249, 	 651304.80987550923600792885, 	 660408.83913073490839451551, 	 662783.43478494998998939991
5.95320000000000071338, 	 651266.84797513054218143225, 	 660321.17176830116659402847, 	 662667.88604688737541437149
5.95429999999999992610, 	 651210.94384281663224101067, 	 660225.47123887646012008190, 	 662545.53572125383652746677
5.95540000000000002700, 	 651149.68502792262006551027, 	 660121.90044402540661394596, 	 662416.31703630357515066862
5.95650000000000012790, 	 651077.39011958241462707520, 	 660010.61671068158466368914, 	 662280.17961763893254101276
5.95760000000000022879, 	 650991.61636902811005711555, 	 659891.77009186323266476393, 	 662137.08969985158182680607
5.95870000000000032969, 	 650897.84615036670584231615, 	 659765.50170568702742457390, 	 661987.02387033740524202585
5.95980000000000043059, 	 650798.20192792685702443123, 	 659631.94231790676712989807, 	 661829.96416364039760082960
5.96090000000000053149, 	 650685.17603738780599087477, 	 659491.21131999464705586433, 	 661665.89861451217439025640
5.96200000000000063238, 	 650560.65235839528031647205, 	 659343.41615613480098545551, 	 661494.81839563837274909019
5.96309999999999984510, 	 650425.43315759685356169939, 	 659188.65217235113959759474, 	 661316.71904746594373136759
5.96419999999999994600, 	 650279.47130818199366331100, 	 659027.00281253922730684280, 	 661131.60135285824071615934
5.96530000000000004690, 	 650137.42945214628707617521, 	 658858.54008333769161254168, 	 660939.47181061445735394955
5.96640000000000014779, 	 649974.75073573226109147072, 	 658683.32525900669861584902, 	 660740.34283237392082810402
5.96750000000000024869, 	 649798.86435716424603015184, 	 658501.40981561818625777960, 	 660534.23273336899001151323
5.96860000000000034959, 	 649609.85793655947782099247, 	 658312.83652209758292883635, 	 660321.16556979320012032986
5.96970000000000045048, 	 649407.38704753492493182421, 	 658117.64056239021010696888, 	 660101.17084920604247599840
5.97080000000000055138, 	 649191.83917295711580663919, 	 657915.85059185721911489964, 	 659874.28295526397414505482
5.97190000000000065228, 	 648963.97063562402036041021, 	 657707.48974830412771552801, 	 659640.54109452303964644670
5.97299999999999986500, 	 648724.62299465073738247156, 	 657492.57665036898106336594, 	 659399.98861876432783901691
5.97409999999999996589, 	 648474.20738459890708327293, 	 657271.12626441952306777239, 	 659152.67210126772988587618
5.97520000000000006679, 	 648213.07071589899715036154, 	 657043.15042076644022017717, 	 658898.64068391826003789902
5.97630000000000016769, 	 647941.61207380006089806557, 	 656808.65778682928066700697, 	 658637.94522082037292420864
5.97740000000000026859, 	 647659.88340675295330584049, 	 656567.65321703569497913122, 	 658370.63715543132275342941
5.97850000000000036948, 	 647367.41547418688423931599, 	 656320.13653550960589200258, 	 658096.77015928050968796015
5.97960000000000047038, 	 647063.49170019733719527721, 	 656066.10092921578325331211, 	 657816.40422776248306035995
5.98070000000000057128, 	 646747.54157613904681056738, 	 655805.53120543831028044224, 	 657529.56398228777106851339
5.98180000000000067217, 	 646419.32201240200083702803, 	 655538.40218713448848575354, 	 657236.30729938182048499584
5.98289999999999988489, 	 646078.70797063049394637346, 	 655264.67748544877395033836, 	 656936.69449514115694910288
5.98399999999999998579, 	 645726.44981455826200544834, 	 654984.30845358606893569231, 	 656630.77312778355553746223
5.98510000000000008669, 	 645362.02479844260960817337, 	 654697.22794829972553998232, 	 656318.58190322725567966700
5.98620000000000018758, 	 644985.60716445546131581068, 	 654403.37862049334216862917, 	 656000.15500867832452058792
5.98730000000000028848, 	 644598.54918917047325521708, 	 654102.66833884536754339933, 	 655675.52381952304858714342
5.98840000000000038938, 	 644216.00222767959348857403, 	 653795.00883012090343981981, 	 655344.71698614163324236870
5.98950000000000049027, 	 643881.52128141582943499088, 	 653480.30194883223157376051, 	 655007.75998432491905987263
5.99060000000000059117, 	 643648.30941399466246366501, 	 653158.44360239908564835787, 	 654664.67463995784055441618
5.99170000000000069207, 	 643543.91434492298867553473, 	 652829.32471333269495517015, 	 654315.47875640669371932745
5.99279999999999990479, 	 643549.59216469677630811930, 	 652492.83245953323785215616, 	 653960.18581193522550165653
5.99390000000000000568, 	 643613.44896155421156436205, 	 652148.85120853153057396412, 	 653598.80465930723585188389
5.99500000000000010658, 	 643679.76854319404810667038, 	 651797.26392121717799454927, 	 653231.33917483920231461525
5.99610000000000020748, 	 643711.54359056532848626375, 	 651437.95528282632585614920, 	 652857.78757950267754495144
5.99720000000000030838, 	 643711.61112307605799287558, 	 651070.81916308565996587276, 	 652478.14230495295487344265
5.99830000000000040927, 	 643648.61782542662695050240, 	 650695.77369011437986046076, 	 652092.38978649338241666555
5.99940000000000051017, 	 643564.33795071416534483433, 	 650312.78650876891333609819, 	 651700.50896196335088461637
6.00050000000000061107, 	 643483.24442521634045988321, 	 649921.91020636737812310457, 	 651302.47091064869891852140
6.00160000000000071196, 	 643412.39089406165294349194, 	 649523.32420919521246105433, 	 650898.23807822959497570992
6.00269999999999992468, 	 643340.01840622141025960445, 	 649117.37626208621077239513, 	 650487.76379243563860654831
6.00380000000000002558, 	 643271.19079658773262053728, 	 648704.61530565947759896517, 	 650070.99282407283317297697
6.00490000000000012648, 	 643204.66212296078447252512, 	 648285.80858031520619988441, 	 649647.86074185906909406185
6.00600000000000022737, 	 643139.71254553366452455521, 	 647861.93882212450262159109, 	 649218.29319166974164545536
6.00710000000000032827, 	 643075.11027817951980978251, 	 647434.14146609709132462740, 	 648782.20580166380386799574
6.00820000000000042917, 	 643011.15598072868306189775, 	 647003.97331786737777292728, 	 648339.50528780824970453978
6.00930000000000053006, 	 642948.31155093281995505095, 	 646572.71755165222566574812, 	 647890.09040911041665822268
6.01040000000000063096, 	 642886.53024177905172109604, 	 646141.90848331362940371037, 	 647433.85433676233515143394
6.01150000000000073186, 	 642824.91547438374254852533, 	 645713.02033198939170688391, 	 646970.68849375925492495298
6.01259999999999994458, 	 642761.93428918975405395031, 	 645287.46276651904918253422, 	 646500.48806594952475279570
6.01370000000000004547, 	 642695.84564900875557214022, 	 644866.53616774966940283775, 	 646023.15944991260766983032
6.01480000000000014637, 	 642625.06693296611774712801, 	 644451.39954238908831030130, 	 645538.62975998385809361935
6.01590000000000024727, 	 642548.33669326954986900091, 	 644043.04107164579909294844, 	 645046.85831559263169765472
6.01700000000000034817, 	 642464.98437526763882488012, 	 643642.09861364238895475864, 	 644547.84979987354017794132
6.01810000000000044906, 	 642374.63087621843442320824, 	 643249.58090210286900401115, 	 644041.66855100623797625303
6.01920000000000054996, 	 642277.62226752820424735546, 	 642865.84644937445409595966, 	 643528.45324490056373178959
6.02030000000000065086, 	 642173.69474522408563643694, 	 642491.14814907882828265429, 	 643008.43106131907552480698
6.02139999999999986358, 	 642062.47794235264882445335, 	 642125.62882465322036296129, 	 642481.93013720319140702486
6.02249999999999996447, 	 641943.89738761482294648886, 	 641769.29305961623322218657, 	 641949.38791899918578565121
6.02360000000000006537, 	 641817.94511378882452845573, 	 641422.02433268469758331776, 	 641411.36086108617018908262
6.02470000000000016627, 	 641684.73634761292487382889, 	 641083.60190845350734889507, 	 640868.53744860959704965353
6.02580000000000026716, 	 641544.17754458531271666288, 	 640753.71712719008792191744, 	 640321.75089811510406434536
6.02690000000000036806, 	 641396.14498249650932848454, 	 640431.98884734034072607756, 	 639771.93864787486381828785
6.02800000000000046896, 	 641240.52808968664612621069, 	 640117.97819579357746988535, 	 639220.14078487514052540064
6.02910000000000056986, 	 641077.23690348688978701830, 	 639811.20365998067427426577, 	 638667.51223475125152617693
6.03020000000000067075, 	 640906.19967377022840082645, 	 639511.08950227394234389067, 	 638115.29687517380807548761
6.03129999999999988347, 	 640727.38518301618751138449, 	 639218.31035581894684582949, 	 637564.80141736252699047327
6.03239999999999998437, 	 640540.68957556714303791523, 	 638928.62829006742686033249, 	 637017.37509099079761654139
6.03350000000000008527, 	 640346.08441086893435567617, 	 638644.93293757911305874586, 	 636474.40143256052397191525
6.03460000000000018616, 	 640143.71337614266667515039, 	 638365.50819983589462935925, 	 635937.26397111790720373392
6.03570000000000028706, 	 639933.66647203790489584208, 	 638089.74029727489687502384, 	 635407.32054052653256803751
6.03680000000000038796, 	 639716.03786342614330351353, 	 637817.00486632296815514565, 	 634885.90309536026325076818
6.03790000000000048885, 	 639490.96068461413960903883, 	 637546.68250704626552760601, 	 634374.30219874077010899782
6.03900000000000058975, 	 639258.58765554183628410101, 	 637278.16530192026402801275, 	 633873.72994889540132135153
6.04010000000000069065, 	 639019.08981890720315277576, 	 637010.86185366462450474501, 	 633385.29649769840762019157
6.04119999999999990337, 	 638772.67457590706180781126, 	 636744.20188620896078646183, 	 632909.99272148718591779470
6.04230000000000000426, 	 638519.56808764743618667126, 	 636477.64079715160187333822, 	 632448.73654620244633406401
6.04340000000000010516, 	 638260.00712689408101141453, 	 636210.66406950075179338455, 	 632002.34760609036311507225
6.04450000000000020606, 	 637994.22504934761673212051, 	 635942.79140205052681267262, 	 631571.48717965523246675730
6.04560000000000030695, 	 637722.49750494305044412613, 	 635673.58046892157290130854, 	 631156.70458702463656663895
6.04670000000000040785, 	 637445.14889631012920290232, 	 635402.63054417492821812630, 	 630758.41359759250190109015
6.04780000000000050875, 	 637162.39010639954358339310, 	 635129.58774616487789899111, 	 630376.89125508046709001064
6.04890000000000060965, 	 636874.42627070832531899214, 	 634854.23152204183861613274, 	 630012.28551707917358726263
6.05000000000000071054, 	 636581.49581638164818286896, 	 634576.12831542093772441149, 	 629664.62514036882203072309
6.05109999999999992326, 	 636283.86236485966946929693, 	 634295.10984628205187618732, 	 629333.84026853670366108418
6.05220000000000002416, 	 635981.82459898164961487055, 	 634011.04469024110585451126, 	 629019.76354124641511589289
6.05330000000000012506, 	 635675.68452239187899976969, 	 633723.82670453784521669149, 	 628722.12556882703211158514
6.05440000000000022595, 	 635365.74454275332391262054, 	 633433.40115614561364054680, 	 628440.55390480172354727983
6.05550000000000032685, 	 635052.22562079154886305332, 	 633139.76468858052976429462, 	 628174.59451464947778731585
6.05660000000000042775, 	 634735.34007113089319318533, 	 632842.96387230255641043186, 	 627923.72048521542456001043
6.05770000000000052864, 	 634415.31562425207812339067, 	 632543.09345054486766457558, 	 627687.33020683005452156067
6.05880000000000062954, 	 634092.35376812005415558815, 	 632240.29334143036976456642, 	 627464.75896264135371893644
6.05990000000000073044, 	 633766.72432328306604176760, 	 631934.74023424310144037008, 	 627255.28856346872635185719
6.06099999999999994316, 	 633438.64902234566397964954, 	 631626.68628830439411103725, 	 627058.16538910008966922760
6.06210000000000004405, 	 633108.34584230580367147923, 	 631316.37525627645663917065, 	 626872.58589599409606307745
6.06320000000000014495, 	 632776.02882467373274266720, 	 631004.10403975762892514467, 	 626697.71027994318865239620
6.06430000000000024585, 	 632441.87606218527071177959, 	 630690.19608187756966799498, 	 626532.71935824700631201267
6.06540000000000034674, 	 632106.04774892504792660475, 	 630374.99975183664355427027, 	 626376.77481713937595486641
6.06650000000000044764, 	 631768.68689200177323073149, 	 630058.88395120622590184212, 	 626229.02345729141961783171
6.06760000000000054854, 	 631429.91934614290948957205, 	 629742.23370291641913354397, 	 626088.60741386318113654852
6.06870000000000064944, 	 631089.85626332811079919338, 	 629425.44570485572330653667, 	 625954.67221655347384512424
6.06979999999999986215, 	 630748.59499563847202807665, 	 629108.92382612370420247316, 	 625826.37323325953911989927
6.07089999999999996305, 	 630406.21768367721233516932, 	 628793.07497234304901212454, 	 625702.88094444270245730877
6.07200000000000006395, 	 630062.79200279107317328453, 	 628478.30476177460514008999, 	 625583.38540681521408259869
6.07310000000000016485, 	 629718.37079526495654135942, 	 628165.01360297261271625757, 	 625467.10014219779986888170
6.07420000000000026574, 	 629372.99005412543192505836, 	 627853.59286876209080219269, 	 625353.26557930256240069866
6.07530000000000036664, 	 629026.67603384121321141720, 	 627544.42118686891626566648, 	 625241.15210565039888024330
6.07640000000000046754, 	 628679.44513535324949771166, 	 627237.85926687472965568304, 	 625130.06275147770065814257
6.07750000000000056843, 	 628331.29908054706174880266, 	 626934.19401864439714699984, 	 625019.33551527117379009724
6.07860000000000066933, 	 627982.22857371962163597345, 	 626633.87037008162587881088, 	 624908.34533936146181076765
6.07969999999999988205, 	 627632.21264649089425802231, 	 626337.14338531694374978542, 	 624796.50574650382623076439
6.08079999999999998295, 	 627281.22007743339054286480, 	 626044.27503048279322683811, 	 624683.27015109581407159567
6.08190000000000008384, 	 626929.20848139701411128044, 	 625755.51084457477554678917, 	 624568.13286046567372977734
6.08300000000000018474, 	 626576.13620360742788761854, 	 625471.06750544882379472256, 	 624450.62978242186363786459
6.08410000000000028564, 	 626221.95149468921590596437, 	 625191.13149051822256296873, 	 624330.33885522780474275351
6.08520000000000038654, 	 625866.59665207262150943279, 	 624915.85809651575982570648, 	 624206.88077175908256322145
6.08630000000000048743, 	 625510.00965863082092255354, 	 624645.37071068619843572378, 	 624079.92024191678501665592
6.08740000000000058833, 	 625152.12644644477404654026, 	 624379.76032979914452880621, 	 623949.16050921741407364607
6.08850000000000068923, 	 624792.87964411964640021324, 	 624119.08531092258635908365, 	 623814.34428809233941137791
6.08959999999999990195, 	 624432.20036093425005674362, 	 623863.37133705883752554655, 	 623675.23063772113528102636
6.09070000000000000284, 	 624070.02614809351507574320, 	 623612.61158441111911088228, 	 623531.63238065200857818127
6.09180000000000010374, 	 623706.29566627228632569313, 	 623366.76707912550773471594, 	 623383.51286039873957633972
6.09290000000000020464, 	 623340.94779261935036629438, 	 623125.76766439096536487341, 	 623230.76706134574487805367
6.09400000000000030553, 	 622973.92317758081480860710, 	 622889.51856747362762689590, 	 623073.28567815502174198627
6.09510000000000040643, 	 622605.16589492047205567360, 	 622657.89366304047871381044, 	 622910.97842718381434679031
6.09620000000000050733, 	 622234.62451864080503582954, 	 622432.21621461003087460995, 	 622743.86250512592960149050
6.09730000000000060822, 	 621862.25305743364151567221, 	 622207.84595837316010147333, 	 622572.00573290907777845860
6.09840000000000070912, 	 621488.01275667059235274792, 	 621988.86694433307275176048, 	 622395.48952226981054991484
6.09949999999999992184, 	 621111.87080617062747478485, 	 621773.75627929519396275282, 	 622214.40604239981621503830
6.10060000000000002274, 	 620733.80135896394494920969, 	 621562.19343227858189493418, 	 622028.86419311759527772665
6.10170000000000012363, 	 620353.78675848792772740126, 	 621353.88866325106937438250, 	 621838.99342983018141239882
6.10280000000000022453, 	 619971.81793472170829772949, 	 621148.53397824929561465979, 	 621644.94402073393575847149
6.10390000000000032543, 	 619587.89456184767186641693, 	 620945.80256275669671595097, 	 621446.88504604925401508808
6.10500000000000042633, 	 619202.02661211288068443537, 	 620745.35055502434261143208, 	 621245.00082867790479212999
6.10610000000000052722, 	 618814.40136513055767863989, 	 620546.81857524439692497253, 	 621039.48687186813913285732
6.10720000000000062812, 	 618424.74502418388146907091, 	 620349.83361460815649479628, 	 620830.55179265316110104322
6.10830000000000072902, 	 618033.19721369631588459015, 	 620154.01110651833005249500, 	 620618.41040337830781936646
6.10939999999999994174, 	 617639.79721431434154510498, 	 619958.95697622408624738455, 	 620403.27992824849206954241
6.11050000000000004263, 	 617244.62061150581575930119, 	 619764.26966713927686214447, 	 620185.37867396965157240629
6.11160000000000014353, 	 616847.75834483385551720858, 	 619569.54215904185548424721, 	 619964.92743415222503244877
6.11270000000000024443, 	 616449.26578153530135750771, 	 619374.36379556322935968637, 	 619742.14340479753445833921
6.11380000000000034532, 	 616049.19301793200429528952, 	 619178.32223527086898684502, 	 619517.23711505020037293434
6.11490000000000044622, 	 615647.66651217523030936718, 	 618981.00630806013941764832, 	 619290.41019253770355135202
6.11600000000000054712, 	 615244.79996725264936685562, 	 618782.00918632035609334707, 	 619061.85327921865973621607
6.11710000000000064801, 	 614840.69208977336529642344, 	 618580.96089205262251198292, 	 618831.74397888197563588619
6.11819999999999986073, 	 614435.44835706683807075024, 	 618377.39599232946056872606, 	 618600.24701217317488044500
6.11929999999999996163, 	 614029.18566751410253345966, 	 618170.96325879462528973818, 	 618367.51755495148245245218
6.12040000000000006253, 	 613622.02958260953892022371, 	 617961.28882603603415191174, 	 618133.66284340166021138430
6.12150000000000016342, 	 613214.11267491348553448915, 	 617748.01169926789589226246, 	 617898.78551389113999903202
6.12260000000000026432, 	 612805.57372899330221116543, 	 617530.78393845993559807539, 	 617662.97798139485530555248
6.12370000000000036522, 	 612396.55663342250045388937, 	 617309.27428370609413832426, 	 617426.30800014559645205736
6.12480000000000046612, 	 611987.20923045114614069462, 	 617083.16993803204968571663, 	 617188.81486861791927367449
6.12590000000000056701, 	 611577.68257493886630982161, 	 616852.17735021386761218309, 	 616950.51027850829996168613
6.12700000000000066791, 	 611168.13095289899501949549, 	 616616.02337787649594247341, 	 616711.37953103380277752876
6.12809999999999988063, 	 610758.71243490232154726982, 	 616374.45605276024434715509, 	 616471.38207315735053271055
6.12919999999999998153, 	 610349.57711048191413283348, 	 616127.24571059015579521656, 	 616230.45155633089598268270
6.13030000000000008242, 	 609940.88505375257227569818, 	 615874.18633777741342782974, 	 615988.49579925427678972483
6.13140000000000018332, 	 609532.79740996169857680798, 	 615615.09630650235339999199, 	 615745.39670729800127446651
6.13250000000000028422, 	 609125.47297444578725844622, 	 615349.81892519304528832436, 	 615501.01020691695157438517
6.13360000000000038511, 	 608719.06955406931228935719, 	 615078.22283106355462223291, 	 615255.16943120502401143312
6.13470000000000048601, 	 608313.74449983087833970785, 	 614800.20222342491615563631, 	 615007.68286346923559904099
6.13580000000000058691, 	 607909.65566000994294881821, 	 614515.67693593620788305998, 	 614758.33329290151596069336
6.13690000000000068781, 	 607506.95873318274971097708, 	 614224.59234522376209497452, 	 614506.87769131129607558250
6.13799999999999990052, 	 607105.79855665343347936869, 	 613926.91911624150816351175, 	 614253.05965391185600310564
6.13910000000000000142, 	 606706.32491498813033103943, 	 613622.65278630482498556376, 	 613996.61236765282228589058
6.14020000000000010232, 	 606308.68851548607926815748, 	 613311.81319284567143768072, 	 613737.25135848508216440678
6.14130000000000020322, 	 605913.01610640378203243017, 	 612994.44375137216411530972, 	 613474.67599183146376162767
6.14240000000000030411, 	 605519.43015321856364607811, 	 612670.61058971262536942959, 	 613208.57261455093976110220
6.14350000000000040501, 	 605128.05850176885724067688, 	 612340.40154774987604469061, 	 612938.61747834831476211548
6.14460000000000050591, 	 604739.02555024158209562302, 	 612003.92505405272822827101, 	 612664.47944451984949409962
6.14570000000000060680, 	 604352.44365614687558263540, 	 611661.30889201816171407700, 	 612385.82256123377010226250
6.14680000000000070770, 	 603968.41242781886830925941, 	 611312.69886884617153555155, 	 612102.30859120085369795561
6.14789999999999992042, 	 603587.02333388640545308590, 	 610958.25740073213819414377, 	 611813.59953049744945019484
6.14900000000000002132, 	 603208.35933878889773041010, 	 610598.16202754958067089319, 	 611519.36012776533607393503
6.15010000000000012221, 	 602832.49481548578478395939, 	 610232.60387022211216390133, 	 611219.26039399311412125826
6.15120000000000022311, 	 602459.50961132824886590242, 	 609861.78604387899395078421, 	 610912.97708997630979865789
6.15230000000000032401, 	 602089.47821146703790873289, 	 609485.92203994537703692913, 	 610600.20886959042400121689
6.15340000000000042490, 	 601722.46389485662803053856, 	 609105.23409014684148132801, 	 610280.65182108315639197826
6.15450000000000052580, 	 601358.51797775737941265106, 	 608719.95152168604545295238, 	 609954.00253912247717380524
6.15560000000000062670, 	 600997.68233431037515401840, 	 608330.30910574086010456085, 	 609619.99671448150184005499
6.15670000000000072760, 	 600639.99157734739128500223, 	 607936.54540834808722138405, 	 609278.39440959482453763485
6.15779999999999994031, 	 600285.47313063312321901321, 	 607538.90117695927619934082, 	 608928.97252644761465489864
6.15890000000000004121, 	 599934.14709916885476559401, 	 607137.61780388909392058849, 	 608571.52658622304443269968
6.16000000000000014211, 	 599586.02654910576529800892, 	 606732.93588627490680664778, 	 608205.87455621536355465651
6.16110000000000024301, 	 599241.11749109439551830292, 	 606325.09387564391363412142, 	 607831.85985544684808701277
6.16220000000000034390, 	 598899.42012001015245914459, 	 605914.32679949968587607145, 	 607449.35323621961288154125
6.16330000000000044480, 	 598560.92902801686432212591, 	 605500.86504244513344019651, 	 607058.25391633610706776381
6.16440000000000054570, 	 598225.63055852672550827265, 	 605084.93318365106824785471, 	 606658.49030856112949550152
6.16550000000000064659, 	 597893.50662174099124968052, 	 604666.74889335804618895054, 	 606250.02053314924705773592
6.16659999999999985931, 	 597564.52912157203536480665, 	 604246.52189094678033143282, 	 605832.83277942694257944822
6.16769999999999996021, 	 597238.66785638767760246992, 	 603824.45293832698371261358, 	 605406.94552304851822555065
6.16880000000000006111, 	 596915.88750981865450739861, 	 603400.73279060551431030035, 	 604972.40758634509984403849
6.16990000000000016200, 	 596596.14876965875737369061, 	 602975.54068145365454256535, 	 604529.29802918003406375647
6.17100000000000026290, 	 596279.40811628021765500307, 	 602549.04753930913284420967, 	 604077.72586188302375376225
6.17210000000000036380, 	 595965.61658393929246813059, 	 602121.45056564256083220243, 	 603617.82796905538998544216
6.17320000000000046469, 	 595654.72055876883678138256, 	 601692.86825335421599447727, 	 603149.77131689607631415129
6.17430000000000056559, 	 595346.66325907409191131592, 	 601263.43913139589130878448, 	 602673.75367414590436965227
6.17540000000000066649, 	 595041.38420038181357085705, 	 600833.28772275533992797136, 	 602189.99713477760087698698
6.17649999999999987921, 	 594738.82378814532421529293, 	 600402.52738736593164503574, 	 601698.75082060950808227062
6.17759999999999998010, 	 594438.91763246105983853340, 	 599971.26022261311300098896, 	 601200.28761410224251449108
6.17870000000000008100, 	 594141.60606228152755647898, 	 599539.57735777972266077995, 	 600694.90052500832825899124
6.17980000000000018190, 	 593846.82476585824042558670, 	 599107.55933055176865309477, 	 600182.90059144666884094477
6.18090000000000028280, 	 593554.50465150084346532822, 	 598675.27653643907979130745, 	 599664.62908143398817628622
6.18200000000000038369, 	 593264.57452501368243247271, 	 598242.78974740346893668175, 	 599140.44780564354732632637
6.18310000000000048459, 	 592976.96483463991899043322, 	 597810.15069061762187629938, 	 598610.73461630800738930702
6.18420000000000058549, 	 592691.60598870052490383387, 	 597377.40268604201264679432, 	 598075.88187989743892103434
6.18530000000000068638, 	 592408.42866291489917784929, 	 596944.58133939269464462996, 	 597536.29507575253956019878
6.18639999999999989910, 	 592127.36397332791239023209, 	 596511.71528485615272074938, 	 596992.38989781821146607399
6.18750000000000000000, 	 591848.34359932807274162769, 	 596078.82700587925501167774, 	 596444.61128934856969863176
6.18860000000000010090, 	 591571.29994644247926771641, 	 595645.93361674365587532520, 	 595893.38332036405336111784
6.18970000000000020179, 	 591296.16634408337995409966, 	 595213.04780441033653914928, 	 595339.12134577333927154541
6.19080000000000030269, 	 591022.87721363396849483252, 	 594780.17866493132896721363, 	 594782.27584244636818766594
6.19190000000000040359, 	 590751.36819421686232089996, 	 594347.33259508840274065733, 	 594223.30708754644729197025
6.19300000000000050449, 	 590481.57616899942513555288, 	 593914.51426073198672384024, 	 593662.67023215268272906542
6.19410000000000060538, 	 590213.43938456499017775059, 	 593481.72746455436572432518, 	 593100.81341289868578314781
6.19520000000000070628, 	 589946.89779797184746712446, 	 593048.97603961185086518526, 	 592538.17921563819982111454
6.19629999999999991900, 	 589681.89186915068421512842, 	 592616.26471384463366121054, 	 591975.20537536323536187410
6.19740000000000001990, 	 589418.36597920185886323452, 	 592183.59998516505584120750, 	 591412.32419709023088216782
6.19850000000000012079, 	 589156.26501010847277939320, 	 591750.99094578868243843317, 	 590849.96122360287699848413
6.19960000000000022169, 	 588895.53336271783336997032, 	 591318.45000407972838729620, 	 590288.53366991376969963312
6.20070000000000032259, 	 588636.12093621841631829739, 	 590885.99366965936496853828, 	 589728.44891350995749235153
6.20180000000000042348, 	 588377.99183199519757181406, 	 590453.64320793363731354475, 	 589170.10301100427750498056
6.20290000000000052438, 	 588121.10392966505605727434, 	 590021.42528276087250560522, 	 588613.87901339796371757984
6.20400000000000062528, 	 587865.39956014940980821848, 	 589589.37253388704266399145, 	 588060.14829494617879390717
6.20510000000000072617, 	 587610.82236392248887568712, 	 589157.52409438043832778931, 	 587509.26086256222333759069
6.20619999999999993889, 	 587357.32303870387841016054, 	 588725.92604080005548894405, 	 586961.58094554371200501919
6.20730000000000003979, 	 587104.85790910443756729364, 	 588294.63178000773768872023, 	 586417.43195068021304905415
6.20840000000000014069, 	 586853.38767407531850039959, 	 587863.70237119973171502352, 	 585877.09734121372457593679
6.20950000000000024158, 	 586602.87556782364845275879, 	 587433.20677950198296457529, 	 585340.86006305506452918053
6.21060000000000034248, 	 586353.28455505135934799910, 	 587003.22205999458674341440, 	 584809.01506376231554895639
6.21170000000000044338, 	 586104.57794953905977308750, 	 586573.83347256411798298359, 	 584281.82202545064501464367
6.21280000000000054428, 	 585856.71961338899563997984, 	 586145.14183852856513112783, 	 583759.52111534995492547750
6.21390000000000064517, 	 585609.67311319720465689898, 	 585717.23819590418133884668, 	 583242.32992536050733178854
6.21499999999999985789, 	 585363.34971617395058274269, 	 585290.23835742950905114412, 	 582730.46673989621922373772
6.21609999999999995879, 	 585118.01725061179604381323, 	 584864.25769385008607059717, 	 582224.12714913394302129745
6.21720000000000005969, 	 584873.74378839717246592045, 	 584439.42092486226465553045, 	 581723.47989524900913238525
6.21830000000000016058, 	 584629.90969433414284139872, 	 584015.86013531731441617012, 	 581228.68126201524864882231
6.21940000000000026148, 	 584386.41765276051592081785, 	 583593.70724287454504519701, 	 580739.87365728826262056828
6.22050000000000036238, 	 584143.43906650377903133631, 	 583173.10913744720164686441, 	 580257.18196293280925601721
6.22160000000000046327, 	 583901.03498665499500930309, 	 582754.24285397178027778864, 	 579780.71422020834870636463
6.22270000000000056417, 	 583659.19437144638504832983, 	 582337.25363595865201205015, 	 579310.56431324314326047897
6.22380000000000066507, 	 583417.88452720863278955221, 	 581922.30502088135108351707, 	 578846.81481407152023166418
6.22489999999999987779, 	 583177.06540427682921290398, 	 581509.56549175316467881203, 	 578389.53788244060706347227
6.22599999999999997868, 	 582936.69682834786362946033, 	 581099.20762585103511810303, 	 577938.79227006342262029648
6.22710000000000007958, 	 582696.74192132020834833384, 	 580691.40731764968950301409, 	 577494.62508729274850338697
6.22820000000000018048, 	 582457.09616989200003445148, 	 580286.34307839779648929834, 	 577057.07351478736381977797
6.22930000000000028137, 	 582217.41902372124604880810, 	 579884.19528751668985933065, 	 576626.16631967783905565739
6.23040000000000038227, 	 581978.07473084784578531981, 	 579485.14540871384087949991, 	 576201.92376430192962288857
6.23150000000000048317, 	 581739.08562707924284040928, 	 579089.37518753274343907833, 	 575784.35791098291520029306
6.23260000000000058407, 	 581500.39405384962446987629, 	 578697.06584503327030688524, 	 575373.47377038316335529089
6.23370000000000068496, 	 581261.94229754398111253977, 	 578308.39727852644864469767, 	 574969.27048140927217900753
6.23479999999999989768, 	 581023.68390716088470071554, 	 577923.54727326519787311554, 	 574571.74229666951578110456
6.23589999999999999858, 	 580785.58035749488044530153, 	 577542.69072727556340396404, 	 574180.87942819809541106224
6.23700000000000009948, 	 580547.31599743198603391647, 	 577165.99889045616146177053, 	 573796.66882569855079054832
6.23810000000000020037, 	 580308.78720890171825885773, 	 576793.63862109102774411440, 	 573419.09492040798068046570
6.23920000000000030127, 	 580070.57000015059020370245, 	 576425.77166925731580704451, 	 573048.14033975056372582912
6.24030000000000040217, 	 579832.48909421288408339024, 	 576062.55399930372368544340, 	 572683.78655252454336732626
6.24140000000000050306, 	 579594.44099225278478115797, 	 575704.13515885046217590570, 	 572326.01433969917707145214
6.24250000000000060396, 	 579356.36679620924405753613, 	 575350.65769570972770452499, 	 571974.80515300040133297443
6.24360000000000070486, 	 579118.22648324305191636086, 	 575002.25661812105681747198, 	 571630.14075945736840367317
6.24469999999999991758, 	 578879.98723043815698474646, 	 574659.05888979078736156225, 	 571292.00391838769428431988
6.24580000000000001847, 	 578641.61839455098379403353, 	 574321.18295576155651360750, 	 570960.37890028161928057671
6.24690000000000011937, 	 578403.08845742477569729090, 	 573988.73830488219391554594, 	 570635.25179224391467869282
6.24800000000000022027, 	 578164.37014406523667275906, 	 573661.82508020999375730753, 	 570316.61074884328991174698
6.24910000000000032117, 	 577925.43448776809964329004, 	 573340.53374720585998147726, 	 570004.44649063714314252138
6.25020000000000042206, 	 577686.25416706828400492668, 	 573024.94482435693498700857, 	 569698.75213761709164828062
6.25130000000000052296, 	 577446.80181297147646546364, 	 572715.12867558922152966261, 	 569399.52227429195772856474
6.25240000000000062386, 	 577207.04900689935311675072, 	 572411.14536025619599968195, 	 569106.75414242735132575035
6.25350000000000072475, 	 576966.96768073400016874075, 	 572113.04453451372683048248, 	 568820.44805986282881349325
6.25459999999999993747, 	 576726.53896181634627282619, 	 571820.86539821291808038950, 	 568540.60676393262110650539
6.25570000000000003837, 	 576485.73622758791316300631, 	 571534.63668430317193269730, 	 568267.23488633695524185896
6.25680000000000013927, 	 576244.55924742063507437706, 	 571254.37668923346791416407, 	 568000.33869379584211856127
6.25790000000000024016, 	 576002.98429619835224002600, 	 570980.09334241610486060381, 	 567739.92588718782644718885
6.25900000000000034106, 	 575760.97647178813349455595, 	 570711.78431268583517521620, 	 567486.00533928291406482458
6.26010000000000044196, 	 575518.50464042846579104662, 	 570449.43715023179538547993, 	 567238.58674923982471227646
6.26120000000000054285, 	 575275.54515623720362782478, 	 570193.02946317533496767282, 	 566997.68023097875993698835
6.26230000000000064375, 	 575032.08007953572086989880, 	 569942.52912853227462619543, 	 566763.29585708584636449814
6.26339999999999985647, 	 574788.09496066125575453043, 	 569697.89453767845407128334, 	 566535.44312897988129407167
6.26449999999999995737, 	 574543.57655280816834419966, 	 569459.07487648399546742439, 	 566314.13047081872355192900
6.26560000000000005826, 	 574298.51198498962912708521, 	 569226.01043962815310806036, 	 566099.36501871887594461441
6.26670000000000015916, 	 574052.88664522941689938307, 	 568998.63297740241978317499, 	 565891.15169807372149080038
6.26780000000000026006, 	 573806.68507989414501935244, 	 568776.86607265018392354250, 	 565689.49277423776220530272
6.26890000000000036096, 	 573559.90467910340521484613, 	 568560.62553311593364924192, 	 565494.38735925010405480862
6.27000000000000046185, 	 573312.53015219082590192556, 	 568349.81480742618441581726, 	 565305.83088621345814317465
6.27110000000000056275, 	 573064.56666461878921836615, 	 568144.34542232204694300890, 	 565123.81458261969964951277
6.27220000000000066365, 	 572816.89702975633554160595, 	 567944.10569708957336843014, 	 564948.32495131238829344511
6.27329999999999987637, 	 572582.24902032001409679651, 	 567748.98672663583420217037, 	 564779.34326374880038201809
6.27439999999999997726, 	 572401.63774389494210481644, 	 567558.87216852337587624788, 	 564616.84506965393666177988
6.27550000000000007816, 	 572330.02064621727913618088, 	 567373.64089606725610792637, 	 564460.79972522065509110689
6.27660000000000017906, 	 572399.76370587700512260199, 	 567193.16732036834582686424, 	 564311.16993463400285691023
6.27770000000000027995, 	 572599.47766632132697850466, 	 567017.32189787097740918398, 	 564167.91129080741666257381
6.27880000000000038085, 	 572936.02692204143386334181, 	 566845.97171437158249318600, 	 564030.97177475155331194401
6.27990000000000048175, 	 573210.04366013605613261461, 	 566678.98153915116563439369, 	 563900.29085696383845061064
6.28100000000000058265, 	 573500.39560261508449912071, 	 566516.21654410404153168201, 	 563775.79944310639984905720
6.28210000000000068354, 	 573784.07931864424608647823, 	 566357.54907260299660265446, 	 563657.42090819415170699358
6.28319999999999989626, 	 574009.89460960449650883675, 	 566202.87268560088705271482, 	 563545.07090306503232568502
6.28429999999999999716, 	 574219.13138392975088208914, 	 566052.12629642081446945667, 	 563438.65594373375643044710
6.28540000000000009805, 	 574423.47594680124893784523, 	 565905.32906446966808289289, 	 563338.07359549391549080610
6.28650000000000019895, 	 574636.87225345487240701914, 	 565762.62297559448052197695, 	 563243.21245453273877501488
6.28760000000000029985, 	 574870.44199679279699921608, 	 565624.31646685698069632053, 	 563153.95133412536233663559
6.28870000000000040075, 	 575124.25749529385939240456, 	 565490.92110889765899628401, 	 563070.15978256496600806713
6.28980000000000050164, 	 575394.78192952543031424284, 	 565363.17395322653464972973, 	 562991.69852796301711350679
6.29090000000000060254, 	 575677.59309220674913376570, 	 565242.04036259546410292387, 	 562918.41932494507636874914
6.29200000000000070344, 	 575970.27136103657539933920, 	 565128.69553774630185216665, 	 562850.16513289080467075109
6.29309999999999991616, 	 576271.93795084592420607805, 	 565024.44849148276261985302, 	 562786.77117300417739897966
6.29420000000000001705, 	 576582.55356520146597176790, 	 564930.99592250271234661341, 	 562728.06646740483120083809
6.29530000000000011795, 	 576902.33793392882216721773, 	 564849.72924278420396149158, 	 562673.87625881365966051817
6.29640000000000021885, 	 577231.35346981463953852654, 	 564782.22879274026490747929, 	 562624.02570372610352933407
6.29750000000000031974, 	 577569.18076625827234238386, 	 564729.98040865443181246519, 	 562578.34520872158464044333
6.29860000000000042064, 	 577914.81107381440233439207, 	 564694.36936236754991114140, 	 562536.67770798387937247753
6.29970000000000052154, 	 578266.81806699663866311312, 	 564676.64367529621813446283, 	 562498.88804705091752111912
6.30080000000000062244, 	 578623.70292906113900244236, 	 564677.89243901835288852453, 	 562464.87444785225670784712
6.30190000000000072333, 	 578984.21474704833235591650, 	 564699.04064922151155769825, 	 562434.58180262730456888676
6.30299999999999993605, 	 579347.52516460418701171875, 	 564740.92904968559741973877, 	 562408.01630838541314005852
6.30410000000000003695, 	 579713.21318362827878445387, 	 564803.36040992883499711752, 	 562385.26074036816135048866
6.30520000000000013785, 	 580081.09162976534571498632, 	 564885.31471936497837305069, 	 562366.48949712654575705528
6.30630000000000023874, 	 580451.08297833753749728203, 	 564990.16190719231963157654, 	 562351.98243430349975824356
6.30740000000000033964, 	 580823.09931054711341857910, 	 565116.13511190132703632116, 	 562342.13740555942058563232
6.30850000000000044054, 	 581197.02222906285896897316, 	 565263.36675230646505951881, 	 562337.47118005575612187386
6.30960000000000054143, 	 581572.65777659008745104074, 	 565431.55905555037315934896, 	 562338.49798935872968286276
6.31070000000000064233, 	 581949.78084948530886322260, 	 565620.34295122267212718725, 	 562346.45643538050353527069
6.31180000000000074323, 	 582328.16947948187589645386, 	 565829.25355934142135083675, 	 562361.88944622140843421221
6.31289999999999995595, 	 582707.62197080906480550766, 	 566057.75122776045463979244, 	 562392.57134286523796617985
6.31400000000000005684, 	 583087.97434352361597120762, 	 566305.23329049476888030767, 	 562423.51113549515139311552
6.31510000000000015774, 	 583469.10133915557526051998, 	 566571.04535224474966526031, 	 562461.78070546663366258144
6.31620000000000025864, 	 583850.89335274882614612579, 	 566854.49215116293635219336, 	 562521.21380204695742577314
6.31730000000000035953, 	 584233.25994291645474731922, 	 567154.84705042908899486065, 	 562591.08123108302243053913
6.31840000000000046043, 	 584616.12901434651575982571, 	 567471.36036126490216702223, 	 562680.00998570304363965988
6.31950000000000056133, 	 584999.44741460925433784723, 	 567803.26695035677403211594, 	 562782.95147599012125283480
6.32060000000000066223, 	 585383.18879485677462071180, 	 568149.79335695027839392424, 	 562903.46724400541279464960
6.32169999999999987494, 	 585767.35275416309013962746, 	 568510.16440570226404815912, 	 563044.10280379257164895535
6.32279999999999997584, 	 586151.97319831233471632004, 	 568883.60923350788652896881, 	 563205.29724958236329257488
6.32390000000000007674, 	 586537.10124720609746873379, 	 569269.36682120198383927345, 	 563389.01021743984892964363
6.32500000000000017764, 	 586922.80896787892561405897, 	 569666.69125024823006242514, 	 563595.77533042745199054480
6.32610000000000027853, 	 587309.19027342717163264751, 	 570074.85683615959715098143, 	 563826.78351720224600285292
6.32720000000000037943, 	 587696.35643232613801956177, 	 570493.16314862004946917295, 	 564083.14628301153425127268
6.32830000000000048033, 	 588084.43173294351436197758, 	 570920.93984501529484987259, 	 564365.90540309529751539230
6.32940000000000058122, 	 588473.55016649747267365456, 	 571357.55122756282798945904, 	 564675.55965016607660800219
6.33050000000000068212, 	 588863.85319486900698393583, 	 571802.40044758433941751719, 	 565012.63130005716811865568
6.33159999999999989484, 	 589255.48826719203498214483, 	 572254.93330325966235250235, 	 565377.59317511797416955233
6.33269999999999999574, 	 589648.61211934033781290054, 	 572714.64159637747798115015, 	 565770.78702083148527890444
6.33380000000000009663, 	 590043.31487202260177582502, 	 573181.06602537026628851891, 	 566192.40247517207171767950
6.33490000000000019753, 	 590439.67989929358009248972, 	 573653.79860157403163611889, 	 566642.48117226595059037209
6.33600000000000029843, 	 590837.91969355265609920025, 	 574132.48458491580095142126, 	 567120.92718489025719463825
6.33710000000000039933, 	 591238.25617477658670395613, 	 574616.82395148521754890680, 	 567627.51751866308040916920
6.33820000000000050022, 	 591640.88873172737658023834, 	 575106.57244664919562637806, 	 568161.91149631491862237453
6.33930000000000060112, 	 592045.98704844992607831955, 	 575601.54250403854530304670, 	 568723.65940805000718683004
6.34040000000000070202, 	 592453.69893041520845144987, 	 576101.60493847739417105913, 	 569312.21097541158087551594
6.34149999999999991473, 	 592864.16123996849637478590, 	 576606.67440968111623078585, 	 569926.92430443107150495052
6.34260000000000001563, 	 593277.50596553739160299301, 	 577116.65844193659722805023, 	 570567.08323887526057660580
6.34370000000000011653, 	 593693.86130836664233356714, 	 577631.65022465132642537355, 	 571231.88470856728963553905
6.34480000000000021743, 	 594113.35044089041184633970, 	 578151.71495435840915888548, 	 571920.46014402224682271481
6.34590000000000031832, 	 594536.08484840719029307365, 	 578676.97232249693479388952, 	 572631.88755047239828854799
6.34700000000000041922, 	 594962.16661657777149230242, 	 579207.58390898874495178461, 	 573365.21468541212379932404
6.34810000000000052012, 	 595391.68581348168663680553, 	 579743.74937987304292619228, 	 574119.45714172103907912970
6.34920000000000062101, 	 595824.73130540398415178061, 	 580285.70246771874371916056, 	 574893.57230910391081124544
6.35030000000000072191, 	 596261.33234729350078850985, 	 580833.70665474585257470608, 	 575686.48955798870883882046
6.35139999999999993463, 	 596701.43718237138818949461, 	 581388.05066370661370456219, 	 576497.13105558126699179411
6.35250000000000003553, 	 597145.04949657374527305365, 	 581949.04382595128845423460, 	 577324.41619494289625436068
6.35360000000000013642, 	 597592.15878849546425044537, 	 582517.01137961528729647398, 	 578167.23961169167887419462
6.35470000000000023732, 	 598042.93127625924535095692, 	 583092.28975108731538057327, 	 579024.52272526186425238848
6.35580000000000033822, 	 598497.47018068004399538040, 	 583675.22187140688765794039, 	 579895.36454478453379124403
6.35690000000000043912, 	 598955.70879950921516865492, 	 584266.15257504570763558149, 	 580778.63879176951013505459
6.35800000000000054001, 	 599417.57280460977926850319, 	 584865.42412272293586283922, 	 581673.24495740549173206091
6.35910000000000064091, 	 599882.98496164614334702492, 	 585473.37188403925392776728, 	 582578.17251405667047947645
6.36020000000000074181, 	 600351.86522579449228942394, 	 586090.32021027139853686094, 	 583492.47165169334039092064
6.36129999999999995453, 	 600824.12269651575479656458, 	 586716.57852513017132878304, 	 584415.22959281061775982380
6.36240000000000005542, 	 601299.67324520379770547152, 	 587352.43766439182218164206, 	 585345.56351357488892972469
6.36350000000000015632, 	 601778.44984883023425936699, 	 587998.16649801342282444239, 	 586282.62244025955442339182
6.36460000000000025722, 	 602260.37620465434156358242, 	 588654.00886356760747730732, 	 587225.59171035920735448599
6.36570000000000035811, 	 602745.33110862539615482092, 	 589320.18082853837404400110, 	 588173.68873836589045822620
6.36680000000000045901, 	 603233.13990321394521743059, 	 589996.86828665633220225573, 	 589126.12884689599741250277
6.36790000000000055991, 	 603723.59795931982807815075, 	 590684.22488414717372506857, 	 590082.32593563874252140522
6.36900000000000066080, 	 604216.50534594350028783083, 	 591382.37026676617097109556, 	 591041.66502417589072138071
6.37009999999999987352, 	 604711.69883543171454221010, 	 592091.38863723934628069401, 	 592003.51113071944564580917
6.37119999999999997442, 	 605209.04344157013110816479, 	 592811.32761335943359881639, 	 592967.28198858303949236870
6.37230000000000007532, 	 605708.41015659202821552753, 	 593542.19737677788361907005, 	 593932.46451658592559397221
6.37340000000000017621, 	 606209.61773218319285660982, 	 594283.97010064532514661551, 	 594898.60545320063829421997
6.37450000000000027711, 	 606712.49745823675766587257, 	 595036.57964172889478504658, 	 595865.30035055417101830244
6.37560000000000037801, 	 607216.90562329965177923441, 	 595799.92148033366538584232, 	 596832.18737810861784964800
6.37670000000000047891, 	 607722.70714702666737139225, 	 596573.85288978263270109892, 	 597798.94475085986778140068
6.37780000000000057980, 	 608229.74106246547307819128, 	 597358.19331712042912840843, 	 598765.28869611024856567383
6.37890000000000068070, 	 608737.82314042793586850166, 	 598152.72495850245468318462, 	 599730.97410286345984786749
6.37999999999999989342, 	 609246.77552502905018627644, 	 598957.19351567886769771576, 	 600695.79633915098384022713
6.38109999999999999432, 	 609756.43544980266597121954, 	 599771.30912300525233149529, 	 601659.57901077356655150652
6.38220000000000009521, 	 610266.65984288905747234821, 	 600594.74743709433823823929, 	 602622.15847777493763715029
6.38330000000000019611, 	 610777.30533254728652536869, 	 601427.15088347753044217825, 	 603583.45542108896188437939
6.38440000000000029701, 	 611288.23089142038952559233, 	 602268.13005589565727859735, 	 604543.41622101305983960629
6.38550000000000039790, 	 611799.30362244485877454281, 	 603117.26526329258922487497, 	 605501.99119303864426910877
6.38660000000000049880, 	 612310.38836068648379296064, 	 603974.10821712645702064037, 	 606459.14755529339890927076
6.38770000000000059970, 	 612821.36975102615542709827, 	 604838.18384858337230980396, 	 607414.85897097329143434763
6.38880000000000070060, 	 613332.13307980576064437628, 	 605708.99224328796844929457, 	 608369.13477725465781986713
6.38989999999999991331, 	 613842.57099289796315133572, 	 606586.01068073092028498650, 	 609322.02296141150873154402
6.39100000000000001421, 	 614352.57277736917603760958, 	 607468.69576625607442110777, 	 610273.58952827262692153454
6.39210000000000011511, 	 614862.03171333554200828075, 	 608356.48564404959324747324, 	 611223.88909365166909992695
6.39320000000000021600, 	 615370.85208692948799580336, 	 609248.80227994441520422697, 	 612172.98389815888367593288
6.39430000000000031690, 	 615878.94989912922028452158, 	 610145.05380275007337331772, 	 613120.94305690203327685595
6.39540000000000041780, 	 616386.25103397108614444733, 	 611044.63689256785437464714, 	 614067.84304117213468998671
6.39650000000000051870, 	 616892.68930639582686126232, 	 611946.93920410389546304941, 	 615013.75987463793717324734
6.39760000000000061959, 	 617398.20515198283828794956, 	 612851.34181258012540638447, 	 615958.76395174907520413399
6.39870000000000072049, 	 617902.74503946315962821245, 	 613757.22167088184505701065, 	 616902.92049809021409600973
6.39979999999999993321, 	 618406.26135278539732098579, 	 614663.95406480971723794937, 	 617846.28725485829636454582
6.40090000000000003411, 	 618908.71266850084066390991, 	 615570.91504816943779587746, 	 618788.90969108731951564550
6.40200000000000013500, 	 619410.06449252157472074032, 	 616477.48384040384553372860, 	 619730.82104736205656081438
6.40310000000000023590, 	 619910.28873644559644162655, 	 617383.04517416271846741438, 	 620672.03847430460155010223
6.40420000000000033680, 	 620409.36240340024232864380, 	 618286.99158686865121126175, 	 621612.55972753476817160845
6.40530000000000043769, 	 620907.26847762311808764935, 	 619188.72565649554599076509, 	 622552.36119590268936008215
6.40640000000000053859, 	 621403.99611872900277376175, 	 620087.66221592773217707872, 	 623491.39639047021046280861
6.40750000000000063949, 	 621899.54017468192614614964, 	 620983.23228949110489338636, 	 624429.59510564152151346207
6.40860000000000074039, 	 622393.89837318169884383678, 	 621874.86432761978358030319, 	 625366.86211135948542505503
6.40969999999999995310, 	 622887.06948014581575989723, 	 622762.05871355871204286814, 	 626303.07604896742850542068
6.41080000000000005400, 	 623379.13004558335524052382, 	 623644.26179017091635614634, 	 627238.08756551111582666636
6.41190000000000015490, 	 623869.72914991970174014568, 	 624520.99168359313625842333, 	 628171.71719713788479566574
6.41300000000000025580, 	 624357.72755890665575861931, 	 625391.77517304581124335527, 	 629103.75504017435014247894
6.41410000000000035669, 	 624845.53636859450489282608, 	 626256.16334381140768527985, 	 630033.96165756275877356529
6.41520000000000045759, 	 625332.98142921575345098972, 	 627113.73255411593709141016, 	 630962.06693189369980245829
6.41630000000000055849, 	 625819.50518891483079642057, 	 627964.08517509780358523130, 	 631887.77201070275623351336
6.41740000000000065938, 	 626304.88594761595595628023, 	 628806.85030504898168146610, 	 632810.74954563577193766832
6.41849999999999987210, 	 626789.08944824023637920618, 	 629641.68435018695890903473, 	 633730.64196167862974107265
6.41959999999999997300, 	 627272.14163364167325198650, 	 630468.27139907144010066986, 	 634647.06363168382085859776
6.42070000000000007390, 	 627753.97044911864213645458, 	 631286.32338547171093523502, 	 635559.60277369944378733635
6.42180000000000017479, 	 628235.63399228418711572886, 	 632095.58007975225336849689, 	 636467.82366292923688888550
6.42290000000000027569, 	 628716.38877803820651024580, 	 632895.80896191333886235952, 	 637371.26713785203173756599
6.42400000000000037659, 	 629195.87117458588909357786, 	 633686.80500571092125028372, 	 638269.45221364183817058802
6.42510000000000047748, 	 629674.12426760012749582529, 	 634468.39036761980969458818, 	 639161.87841172330081462860
6.42620000000000057838, 	 630151.22464940627105534077, 	 635240.41395092080347239971, 	 640048.02789142471738159657
6.42730000000000067928, 	 630627.21509170311037451029, 	 636002.75081276381388306618, 	 640927.36758821993134915829
6.42839999999999989200, 	 631102.39920839515980333090, 	 636755.30139875365421175957, 	 641799.35183204128406941891
6.42949999999999999289, 	 631577.41278768028132617474, 	 637497.99060855701100081205, 	 642663.42670247645583003759
6.43060000000000009379, 	 632050.77827201678883284330, 	 638230.76669646729715168476, 	 643519.02866263373289257288
6.43170000000000019469, 	 632522.76055976189672946930, 	 638953.59999778692144900560, 	 644365.59071958344429731369
6.43280000000000029559, 	 632993.49366422684397548437, 	 639666.48147427616640925407, 	 645202.54601386026479303837
6.43390000000000039648, 	 633463.00482097698841243982, 	 640369.42109046422410756350, 	 646029.33007951802574098110
6.43500000000000049738, 	 633931.27169034199323505163, 	 641062.44605365663301199675, 	 646845.38231435115449130535
6.43610000000000059828, 	 634398.24654262547846883535, 	 641745.59896581422071903944, 	 647650.14857579732779413462
6.43720000000000069917, 	 634863.86696924129500985146, 	 642418.93592949281446635723, 	 648443.08318228984717279673
6.43829999999999991189, 	 635328.06332001707050949335, 	 643082.52462784340605139732, 	 649223.65438384748995304108
6.43940000000000001279, 	 635790.75923180638346821070, 	 643736.44238360086455941200, 	 649991.34747341298498213291
6.44050000000000011369, 	 636251.87750618939753621817, 	 644380.77420288475695997477, 	 650745.66727896640077233315
6.44160000000000021458, 	 636711.33277882460970431566, 	 645015.61081912030931562185, 	 651486.13814375351648777723
6.44270000000000031548, 	 637169.03948545863386243582, 	 645641.04676115838810801506, 	 652212.30608198093250393867
6.44380000000000041638, 	 637624.91246028151363134384, 	 646257.17847348342183977365, 	 652923.74201367143541574478
6.44490000000000051728, 	 638078.86330674903001636267, 	 646864.10251605650410056114, 	 653620.04387308238074183464
6.44600000000000061817, 	 638530.79629915894474834204, 	 647461.91386625973973423243, 	 654300.83716301235835999250
6.44710000000000071907, 	 638980.60827379685360938311, 	 648050.70433577930089086294, 	 654965.78287390654440969229
6.44819999999999993179, 	 639428.18231041228864341974, 	 648630.56110991083551198244, 	 655614.57605766877532005310
6.44930000000000003268, 	 639873.38123806216754019260, 	 649201.56541645806282758713, 	 656246.94119229516945779324
6.45040000000000013358, 	 640316.08144302200525999069, 	 649763.79133074870333075523, 	 656862.63522266701329499483
6.45150000000000023448, 	 640756.16614511015359312296, 	 650317.30472119594924151897, 	 657461.45084632397629320621
6.45260000000000033538, 	 641193.51067921146750450134, 	 650862.16233749466482549906, 	 658043.21754604997113347054
6.45370000000000043627, 	 641627.97868624527473002672, 	 651398.41104177839588373899, 	 658607.80144204467069357634
6.45480000000000053717, 	 642059.42342077801004052162, 	 651926.08718174009118229151, 	 659155.10487440915312618017
6.45590000000000063807, 	 642487.68903323472477495670, 	 652445.21610344608779996634, 	 659685.06598356703761965036
6.45700000000000073896, 	 642912.61734843917656689882, 	 652955.81180040375329554081, 	 660197.65825222339481115341
6.45809999999999995168, 	 643334.05178208672441542149, 	 653457.87669473688583821058, 	 660692.88991875201463699341
6.45920000000000005258, 	 643751.83139975857920944691, 	 653951.40154620166867971420, 	 661170.80404784763231873512
6.46030000000000015348, 	 644165.79019797558430582285, 	 654436.36548484989907592535, 	 661631.47520452842582017183
6.46140000000000025437, 	 644575.76011142914649099112, 	 654912.73616297077387571335, 	 662075.00993856252171099186
6.46250000000000035527, 	 644981.57188534433953464031, 	 655380.47002131817862391472, 	 662501.54565146833192557096
6.46360000000000045617, 	 645383.05586838442832231522, 	 655839.51266372937243431807, 	 662911.24872600950766354799
6.46470000000000055707, 	 645780.04187389614526182413, 	 656289.79933329380583018064, 	 663304.31289983016904443502
6.46580000000000065796, 	 646172.35802993248216807842, 	 656731.25548245117533951998, 	 663680.95741743419785052538
6.46689999999999987068, 	 646559.83560721215326339006, 	 657163.79742901527788490057, 	 664041.42510458768811076880
6.46799999999999997158, 	 646942.32425640465226024389, 	 657587.33308996749110519886, 	 664385.98052516498137265444
6.46910000000000007248, 	 647319.68566538137383759022, 	 658001.76297235512174665928, 	 664714.91151078429538756609
6.47020000000000017337, 	 647691.75579284480772912502, 	 658406.98238501418381929398, 	 665028.52561000885907560587
6.47130000000000027427, 	 648058.31067692267242819071, 	 658802.87306027160957455635, 	 665327.13933676539454609156
6.47240000000000037517, 	 648419.14934300468303263187, 	 659189.32102443312760442495, 	 665611.07953526522032916546
6.47350000000000047606, 	 648774.07976709515787661076, 	 659566.20523837534710764885, 	 665880.68531430873554199934
6.47460000000000057696, 	 649122.90940571099054068327, 	 659933.40187621244695037603, 	 666136.30456145841162651777
6.47570000000000067786, 	 649465.47582296247128397226, 	 660290.78534687624778598547, 	 666378.29450309160165488720
6.47679999999999989058, 	 649801.64954433531966060400, 	 660638.22935664374381303787, 	 666607.01840066025033593178
6.47789999999999999147, 	 650131.30879545561037957668, 	 660975.60798934567719697952, 	 666822.84275954612530767918
6.47900000000000009237, 	 650454.31733046856243163347, 	 661302.79678840958513319492, 	 667026.13515113468747586012
6.48010000000000019327, 	 650770.51981881493702530861, 	 661619.67382639984134584665, 	 667217.26232685300055891275
6.48120000000000029416, 	 651079.75129085325170308352, 	 661926.12074747064616531134, 	 667396.58847835566848516464
6.48230000000000039506, 	 651381.84924651135224848986, 	 662222.02376915630884468555, 	 667564.47358693229034543037
6.48340000000000049596, 	 651676.66091079788748174906, 	 662507.27463306649588048458, 	 667721.27184871025383472443
6.48450000000000059686, 	 651964.04520834400318562984, 	 662781.77149860467761754990, 	 667867.33018021541647613049
6.48560000000000069775, 	 652243.86722406814806163311, 	 663045.41977801837492734194, 	 668002.98681408131960779428
6.48669999999999991047, 	 652515.99555217602755874395, 	 663298.13291326514445245266, 	 668128.56999444344546645880
6.48780000000000001137, 	 652780.30334075179416686296, 	 663539.83309529034886509180, 	 668244.39677956933155655861
6.48890000000000011227, 	 653036.66541283193510025740, 	 663770.45192542008589953184, 	 668350.77195719792507588863
6.49000000000000021316, 	 653284.95993427198845893145, 	 663989.93101728730835020542, 	 668447.98707639286294579506
6.49110000000000031406, 	 653525.06249758263584226370, 	 664198.22253433789592236280, 	 668536.31959847162943333387
6.49220000000000041496, 	 653756.83155942906159907579, 	 664395.28965535422321408987, 	 668616.03216860629618167877
6.49330000000000051585, 	 653980.14900853973813354969, 	 664581.10696230293251574039, 	 668687.37200886756181716919
6.49440000000000061675, 	 654194.94001037860289216042, 	 664755.66074809420388191938, 	 668750.57043271907605230808
6.49550000000000071765, 	 654401.17208538460545241833, 	 664918.94924391305539757013, 	 668805.84248023678082972765
6.49659999999999993037, 	 654598.94407726719509810209, 	 665070.98276653792709112167, 	 668853.38667261681985110044
6.49770000000000003126, 	 654791.24290492653381079435, 	 665211.78378548729233443737, 	 668893.38488387211691588163
6.49880000000000013216, 	 654971.76814338983967900276, 	 665341.38690854830201715231, 	 668926.00180036504752933979
6.49990000000000023306, 	 655142.79863727546762675047, 	 665459.83878480142448097467, 	 668951.38243565114680677652
6.50100000000000033396, 	 655304.80078578658867627382, 	 665567.19792641256935894489, 	 668969.66743810672778636217
6.50210000000000043485, 	 655457.60652231844142079353, 	 665663.53445218084380030632, 	 668980.97506074246484786272
6.50320000000000053575, 	 655601.09998509404249489307, 	 665748.92977047164458781481, 	 668985.56351737701334059238
6.50430000000000063665, 	 655735.15393717808183282614, 	 665823.47624880599323660135, 	 668982.93535971699748188257
6.50540000000000073754, 	 655859.66862551134545356035, 	 665887.27690026059281080961, 	 668973.69474931433796882629
6.50649999999999995026, 	 655974.57611305825412273407, 	 665940.44504706596489995718, 	 668957.87858281331136822701
6.50760000000000005116, 	 656079.82812905777245759964, 	 665983.10388562059961259365, 	 668932.95608269202057272196
6.50870000000000015206, 	 656175.41341373312752693892, 	 666015.38590134459082037210, 	 668898.08870869060046970844
6.50980000000000025295, 	 656261.31553247140254825354, 	 666037.43212590808980166912, 	 668872.51581556734163314104
6.51090000000000035385, 	 656337.47408433083910495043, 	 666049.39125863928347826004, 	 668832.09714258916210383177
6.51200000000000045475, 	 656403.79450830526184290648, 	 666051.41868543217424303293, 	 668784.32772833120543509722
6.51310000000000055564, 	 656460.17013460583984851837, 	 666043.67543009493965655565, 	 668726.27141661092173308134
6.51420000000000065654, 	 656506.71464510576333850622, 	 666026.32696829480119049549, 	 668663.27700830879621207714
6.51529999999999986926, 	 656540.30350194859784096479, 	 665999.46320110978558659554, 	 668595.15158637776039540768
6.51639999999999997016, 	 656566.86728977260645478964, 	 665963.53487709409091621637, 	 668520.22421581426169723272
6.51750000000000007105, 	 656578.58061692677438259125, 	 665918.37260122247971594334, 	 668437.93221750867087393999
6.51860000000000017195, 	 656578.99965871288441121578, 	 665864.31361345481127500534, 	 668349.21060545812360942364
6.51970000000000027285, 	 656565.47279908019118010998, 	 665801.50587553414516150951, 	 668254.03018171794246882200
6.52080000000000037375, 	 656544.00904379913117736578, 	 665730.12137391266878694296, 	 668151.97336782584898173809
6.52190000000000047464, 	 656512.05703870079014450312, 	 665650.33101624832488596439, 	 668043.03053610259667038918
6.52300000000000057554, 	 656471.95449784002266824245, 	 665562.30384601326659321785, 	 667927.26630825619213283062
6.52410000000000067644, 	 656415.25867259188089519739, 	 665466.20610502711497247219, 	 667804.63108648231718689203
6.52519999999999988916, 	 656352.93662680720444768667, 	 665362.19995379110332578421, 	 667675.05707019369583576918
6.52629999999999999005, 	 656278.38151779084000736475, 	 665250.44187849794980138540, 	 667538.49223722948227077723
6.52740000000000009095, 	 656192.26127079653088003397, 	 665131.08096158364787697792, 	 667394.90196208271663635969
6.52850000000000019185, 	 656098.42996941029559820890, 	 665004.25722900067921727896, 	 667244.26279312185943126678
6.52960000000000029274, 	 655996.88193645374849438667, 	 664870.10027735610492527485, 	 667086.55709592276252806187
6.53070000000000039364, 	 655882.60802983958274126053, 	 664728.72831649088766425848, 	 666921.77353950054384768009
6.53180000000000049454, 	 655756.92958138673566281796, 	 664580.24766117520630359650, 	 666749.90409167157486081123
6.53290000000000059543, 	 655620.60667831427417695522, 	 664424.75263318244833499193, 	 666570.94505301222670823336
6.53400000000000069633, 	 655473.54823288752231746912, 	 664262.32579549390356987715, 	 666384.89797328505665063858
6.53509999999999990905, 	 655331.06176405132282525301, 	 664093.03844668634701520205, 	 666191.77014073019381612539
6.53620000000000000995, 	 655166.93979712435975670815, 	 663916.95135545881930738688, 	 665991.57478724326938390732
6.53730000000000011084, 	 654989.70031373715028166771, 	 663734.11571572395041584969, 	 665784.33108024171087890863
6.53840000000000021174, 	 654799.24198299262207001448, 	 663544.57424735696986317635, 	 665570.06395566835999488831
6.53950000000000031264, 	 654595.36137660325039178133, 	 663348.36230365058872848749, 	 665348.80381867778487503529
6.54060000000000041354, 	 654378.52775749191641807556, 	 663145.50890648225322365761, 	 665120.58595515950582921505
6.54170000000000051443, 	 654149.53409999993164092302, 	 662936.03773871180601418018, 	 664885.45049538149032741785
6.54280000000000061533, 	 653909.18441664509009569883, 	 662719.96811954607255756855, 	 664643.44169216835871338844
6.54390000000000071623, 	 653657.84773364290595054626, 	 662497.31583033641800284386, 	 664394.60700375179294496775
6.54499999999999992895, 	 653395.88104882428888231516, 	 662268.09356652118731290102, 	 664138.99643463396932929754
6.54610000000000002984, 	 653123.65127355081494897604, 	 662032.31083066132850944996, 	 663876.66162439715117216110
6.54720000000000013074, 	 652841.12214153178501874208, 	 661789.97319986030925065279, 	 663607.65479588857851922512
6.54830000000000023164, 	 652547.75709363305941224098, 	 661541.08103949239011853933, 	 663332.02897707652300596237
6.54940000000000033253, 	 652242.84228826919570565224, 	 661285.62785535620059818029, 	 663049.84874048212077468634
6.55050000000000043343, 	 651925.86009896337054669857, 	 661023.59854704863391816616, 	 662761.14068062359001487494
6.55160000000000053433, 	 651596.62261804449371993542, 	 660754.96783730818424373865, 	 662465.95676537672989070415
6.55270000000000063523, 	 651255.02411666116677224636, 	 660479.69911084731575101614, 	 662164.35981177072972059250
6.55380000000000073612, 	 650901.84053281089290976524, 	 660197.74361637246329337358, 	 661856.40017221693415194750
6.55489999999999994884, 	 650536.52729206369258463383, 	 659909.03760803688783198595, 	 661542.11813670513220131397
6.55600000000000004974, 	 650159.24711369792930781841, 	 659613.51150879648048430681, 	 661221.54886636824812740088
6.55710000000000015064, 	 649770.70837362552992999554, 	 659311.08583751984406262636, 	 660894.72462765523232519627
6.55820000000000025153, 	 649381.96349496254697442055, 	 659001.66874409478623420000, 	 660561.67510202014818787575
6.55930000000000035243, 	 649031.62485932919662445784, 	 658685.16230166901368647814, 	 660222.42697673826478421688
6.56040000000000045333, 	 648774.14263082866091281176, 	 658361.46319986390881240368, 	 659877.00344017299357801676
6.56150000000000055422, 	 648642.57139353069942444563, 	 658030.46326487546321004629, 	 659525.42376639135181903839
6.56260000000000065512, 	 648627.97534330759663134813, 	 657692.05066368728876113892, 	 659167.70297548489179462194
6.56370000000000075602, 	 648681.04053259233478456736, 	 657346.11082079994957894087, 	 658803.85150391981005668640
6.56479999999999996874, 	 648745.55699244828429073095, 	 656992.52761472074780613184, 	 658433.87483017996419221163
6.56590000000000006963, 	 648780.11148055491503328085, 	 656631.18600728118326514959, 	 658057.77288856555242091417
6.56700000000000017053, 	 648780.93279986013658344746, 	 656261.97847995511256158352, 	 657675.53951430472079664469
6.56810000000000027143, 	 648723.12482344009913504124, 	 655884.81851383706089109182, 	 657287.16269457642920315266
6.56920000000000037232, 	 648636.75755206309258937836, 	 655499.66395231394562870264, 	 656892.62297766678966581821
6.57030000000000047322, 	 648553.99405825417488813400, 	 655106.55080119671765714884, 	 656491.89286451041698455811
6.57140000000000057412, 	 648475.39421512070111930370, 	 654705.63442304544150829315, 	 656084.93633915460668504238
6.57250000000000067502, 	 648397.60417450999375432730, 	 654297.23166726971976459026, 	 655671.70797532948199659586
6.57359999999999988773, 	 648324.07498015556484460831, 	 653881.85578510910272598267, 	 655252.15355778869707137346
6.57469999999999998863, 	 648253.23759844142477959394, 	 653460.23664092062972486019, 	 654826.20980183349456638098
6.57580000000000008953, 	 648184.24913401470985263586, 	 653033.32148035580758005381, 	 654393.80356587632559239864
6.57690000000000019043, 	 648115.57605803152546286583, 	 652602.22899694449733942747, 	 653954.85154089075513184071
6.57800000000000029132, 	 648047.47340155916754156351, 	 652168.43241298885550349951, 	 653509.26129074138589203358
6.57910000000000039222, 	 647980.46100724651478230953, 	 651733.26756044628564268351, 	 653056.93220069177914410830
6.58020000000000049312, 	 647914.59348422475159168243, 	 651298.24771062552463263273, 	 652597.75756618718151003122
6.58130000000000059401, 	 647849.08453329629264771938, 	 650864.85237568616867065430, 	 652131.62820366129744797945
6.58240000000000069491, 	 647782.46920865122228860855, 	 650434.50692678894847631454, 	 651658.43767991312779486179
6.58349999999999990763, 	 647713.02454419969581067562, 	 650008.53369720012415200472, 	 651178.08943901071324944496
6.58460000000000000853, 	 647639.14933840313460677862, 	 649588.11821911134757101536, 	 650690.50597954390104860067
6.58570000000000010942, 	 647559.51550016633700579405, 	 649174.28606217226479202509, 	 650195.64004155166912823915
6.58680000000000021032, 	 647473.37056367367040365934, 	 648767.73312990972772240639, 	 649693.48753469169605523348
6.58790000000000031122, 	 647380.30035166314337402582, 	 648369.36437322793062776327, 	 649184.10170679667498916388
6.58900000000000041211, 	 647280.28463366860523819923, 	 647979.71827175060752779245, 	 648667.60784244793467223644
6.59010000000000051301, 	 647173.76206138939596712589, 	 647599.02573896176181733608, 	 648144.21760804229415953159
6.59120000000000061391, 	 647060.02583139063790440559, 	 647227.45471617754083126783, 	 647614.24195432174019515514
6.59230000000000071481, 	 646938.99244092998560518026, 	 646865.03273858607280999422, 	 647078.10013645736034959555
6.59339999999999992752, 	 646810.69534463819582015276, 	 646511.66354494576808065176, 	 646536.32866796117741614580
6.59450000000000002842, 	 646674.98895421193446964025, 	 646167.14391970459837466478, 	 645989.59398868912830948830
6.59560000000000012932, 	 646531.94112465018406510353, 	 645831.18008837127126753330, 	 645438.70745863439515233040
6.59670000000000023022, 	 646381.48306579561904072762, 	 645503.40326264849863946438, 	 644884.59251579269766807556
6.59780000000000033111, 	 646223.50152752862777560949, 	 645183.38441460183821618557, 	 644328.27162784815300256014
6.59890000000000043201, 	 646057.89683472260367125273, 	 644870.64906800677999854088, 	 643770.88428694265894591808
6.60000000000000053291, 	 645884.60264567332342267036, 	 644564.71371467679273337126, 	 643213.66313435672782361507
6.60110000000000063380, 	 645703.46075029368512332439, 	 644268.41045026306528598070, 	 642657.90807714196853339672
6.60220000000000073470, 	 645514.48768195998854935169, 	 643970.66088089568074792624, 	 642104.96245757187716662884
6.60329999999999994742, 	 645317.73337963991798460484, 	 643681.27151070523541420698, 	 641556.20846246858127415180
6.60440000000000004832, 	 645113.24309990811161696911, 	 643396.26469325181096792221, 	 641013.03258713730610907078
6.60550000000000014921, 	 644901.08007413381710648537, 	 643114.99527874984778463840, 	 640476.80045681959018111229
6.60660000000000025011, 	 644681.33583264681510627270, 	 642836.84214010206051170826, 	 639948.84952372102998197079
6.60770000000000035101, 	 644454.14498521946370601654, 	 642561.18904190638568252325, 	 639430.47699399758130311966
6.60880000000000045191, 	 644219.66210619464982300997, 	 642287.42943899263627827168, 	 638922.91715836478397250175
6.60990000000000055280, 	 643978.05585977423470467329, 	 642014.97148717986419796944, 	 638427.29290122853126376867
6.61100000000000065370, 	 643729.52898341626860201359, 	 641743.24334322416689246893, 	 637944.62229595240205526352
6.61210000000000075460, 	 643474.30860666150692850351, 	 641471.69809588708449155092, 	 637475.82482939015608280897
6.61319999999999996732, 	 643212.63159443379845470190, 	 641199.81827604910358786583, 	 637021.74858409049920737743
6.61430000000000006821, 	 642944.73157480638474225998, 	 640927.12002492067404091358, 	 636583.07794111059047281742
6.61540000000000016911, 	 642670.87132629402913153172, 	 640653.15690279647242277861, 	 636160.38100044697057455778
6.61650000000000027001, 	 642391.38158521254081279039, 	 640377.52316978038288652897, 	 635754.09671442082617431879
6.61760000000000037090, 	 642106.47639328800141811371, 	 640099.86025390855502337217, 	 635364.52405389782506972551
6.61870000000000047180, 	 641816.36202349676750600338, 	 639819.93060744751710444689, 	 634991.83310479111969470978
6.61980000000000057270, 	 641521.27337342710234224796, 	 639537.33195175114087760448, 	 634636.07062398258130997419
6.62090000000000067359, 	 641221.46905470814090222120, 	 639251.85263098950963467360, 	 634297.18282646988518536091
6.62199999999999988631, 	 640917.24723342095967382193, 	 638963.36692453699652105570, 	 633975.01980491972062736750
6.62309999999999998721, 	 640608.90804330760147422552, 	 638671.76278833975084125996, 	 633669.33011380117386579514
6.62420000000000008811, 	 640296.76056595437694340944, 	 638376.97953790088649839163, 	 633379.75903127901256084442
6.62530000000000018900, 	 639981.03635483444668352604, 	 638079.00790230941493064165, 	 633105.86610884044785052538
6.62640000000000028990, 	 639661.94281139574013650417, 	 637777.88882425753399729729, 	 632847.13864531530998647213
6.62750000000000039080, 	 639339.71157331520225852728, 	 637473.71177356108091771603, 	 632602.98811498936265707016
6.62860000000000049170, 	 639014.53526255465112626553, 	 637166.61223555787000805140, 	 632372.76112438540440052748
6.62970000000000059259, 	 638686.68769317085389047861, 	 636856.77283918473403900862, 	 632155.74998839059844613075
6.63080000000000069349, 	 638356.39112219784874469042, 	 636544.40394223248586058617, 	 631951.20849960239138454199
6.63189999999999990621, 	 638023.86151244747452437878, 	 636229.78462148935068398714, 	 631758.34682854521088302135
6.63300000000000000711, 	 637689.31787172460462898016, 	 635913.19600035634357482195, 	 631576.32686762674711644650
6.63410000000000010800, 	 637352.94259730679914355278, 	 635594.95892955758608877659, 	 631404.33201777155045419931
6.63520000000000020890, 	 637014.89841909671667963266, 	 635275.41978455730713903904, 	 631241.53039382700808346272
6.63630000000000030980, 	 636675.33068083983380347490, 	 634954.94606219732668250799, 	 631087.07355072081554681063
6.63740000000000041069, 	 636334.36702206928748637438, 	 634633.92195550131145864725, 	 630940.10701526014599949121
6.63850000000000051159, 	 635992.12008620088454335928, 	 634312.74391287541948258877, 	 630799.77862010721582919359
6.63960000000000061249, 	 635648.68882468342781066895, 	 633991.81612340174615383148, 	 630665.24515053012873977423
6.64070000000000071338, 	 635304.15743803081568330526, 	 633671.54636900092009454966, 	 630535.67776045540813356638
6.64179999999999992610, 	 634958.59529454796575009823, 	 633352.34166459133848547935, 	 630410.26653249002993106842
6.64290000000000002700, 	 634612.05679732921998947859, 	 633034.60431171581149101257, 	 630288.22443610394839197397
6.64400000000000012790, 	 634264.57961851381696760654, 	 632718.72802735900040715933, 	 630168.79082551982719451189
6.64510000000000022879, 	 633916.19085186044685542583, 	 632405.09423120808787643909, 	 630051.23454237752594053745
6.64620000000000032969, 	 633566.90839489852078258991, 	 632094.06695400341413915157, 	 629934.85664844489656388760
6.64730000000000043059, 	 633216.73540195217356085777, 	 631785.93610034452285617590, 	 629818.99279894109349697828
6.64840000000000053149, 	 632865.66378448263276368380, 	 631481.14962339343037456274, 	 629703.01526477548759430647
6.64950000000000063238, 	 632513.67361444525886327028, 	 631179.96861226693727076054, 	 629586.33461424906272441149
6.65060000000000073328, 	 632160.73457883519586175680, 	 630882.65833910577930510044, 	 629468.40106755122542381287
6.65169999999999994600, 	 631806.80480546900071203709, 	 630589.46886140177957713604, 	 629348.70553932047914713621
6.65280000000000004690, 	 631451.84277309547178447247, 	 630300.62146280601155012846, 	 629226.78038541146088391542
6.65390000000000014779, 	 631095.79740542813669890165, 	 630016.30735115346033126116, 	 629102.19987005810253322124
6.65500000000000024869, 	 630738.61124655848834663630, 	 629736.68663857574574649334, 	 628974.58074839075561612844
6.65610000000000034959, 	 630380.22259293089155107737, 	 629461.88758101151324808598, 	 628843.58395535603631287813
6.65720000000000045048, 	 630020.56686988822184503078, 	 629192.00606737483758479357, 	 628708.90914140432141721249
6.65830000000000055138, 	 629659.57696558407042175531, 	 628927.10534206498414278030, 	 628570.29521610937081277370
6.65940000000000065228, 	 629297.18314161372836679220, 	 628667.21594380692113190889, 	 628427.50983709481079131365
6.66050000000000075318, 	 628933.32182060345076024532, 	 628412.33584788243751972914, 	 628280.33742737199645489454
6.66159999999999996589, 	 628567.93132215109653770924, 	 628162.43079779285471886396, 	 628128.73189265688415616751
6.66270000000000006679, 	 628200.95004911685828119516, 	 627917.43496305856388062239, 	 627972.60637005639728158712
6.66380000000000016769, 	 627832.31793783558532595634, 	 627677.25502861104905605316, 	 627811.86144615826196968555
6.66490000000000026859, 	 627461.97815129929222166538, 	 627441.77778305206447839737, 	 627646.40255573531612753868
6.66600000000000036948, 	 627089.87840794620569795370, 	 627210.59992407343816012144, 	 627476.21941111912019550800
6.66710000000000047038, 	 626715.97127948270644992590, 	 626984.59830340894404798746, 	 627301.37463374994695186615
6.66820000000000057128, 	 626340.21671063790563493967, 	 626761.69717835006304085255, 	 627121.95278593432158231735
6.66930000000000067217, 	 625962.58090335305314511061, 	 626543.05111098056659102440, 	 626938.04814250941853970289
6.67039999999999988489, 	 625583.03679850790649652481, 	 626328.05915865232236683369, 	 626749.76916400587651878595
6.67149999999999998579, 	 625201.56535485724452883005, 	 626116.41975795163307338953, 	 626557.24337615107651799917
6.67260000000000008669, 	 624818.15613620064686983824, 	 625907.82869608618784695864, 	 626360.61872997588943690062
6.67370000000000018758, 	 624432.80746803455986082554, 	 625701.96193000243511050940, 	 626160.06220401031896471977
6.67480000000000028848, 	 624045.52735125308390706778, 	 625498.47785317385569214821, 	 625955.75666881026700139046
6.67590000000000038938, 	 623656.40792098455131053925, 	 625297.01922136719804257154, 	 625747.89613622915931046009
6.67700000000000049027, 	 623265.47630773612763732672, 	 625097.21490724931936711073, 	 625536.68843570072203874588
6.67810000000000059117, 	 622872.51508272602222859859, 	 624898.68185080820694565773, 	 625322.34750498074572533369
6.67920000000000069207, 	 622477.78797356446739286184, 	 624701.02717398887034505606, 	 625105.09066887828521430492
6.68029999999999990479, 	 622081.23744145431555807590, 	 624503.85025391483213752508, 	 624885.13605000835377722979
6.68140000000000000568, 	 621683.00102330103982239962, 	 624306.74473504070192575455, 	 624662.70454460417386144400
6.68250000000000010658, 	 621283.16231735283508896828, 	 624109.30034694029018282890, 	 624438.01376758550759404898
6.68360000000000020748, 	 620881.74505106662400066853, 	 623911.10481233731843531132, 	 624211.27487428730819374323
6.68470000000000030838, 	 620478.85872333974111825228, 	 623711.74665873369667679071, 	 623982.69030029838904738426
6.68580000000000040927, 	 620074.63140344689600169659, 	 623510.81831256591249257326, 	 623752.45166381949093192816
6.68690000000000051017, 	 619669.16686601378023624420, 	 623307.95199895603582262993, 	 623520.73690097208600491285
6.68800000000000061107, 	 619262.56719778536353260279, 	 623102.67472983081825077534, 	 623287.72094116220250725746
6.68910000000000071196, 	 618854.94590558076743036509, 	 622894.64081649552099406719, 	 623053.54283572628628462553
6.69019999999999992468, 	 618446.42646163259632885456, 	 622683.47187280678190290928, 	 622818.31633420148864388466
6.69130000000000002558, 	 618037.13997644849587231874, 	 622468.80514086689800024033, 	 622582.15351750620175153017
6.69240000000000012648, 	 617627.22413500456605106592, 	 622250.29074101184960454702, 	 622345.14844681124668568373
6.69350000000000022737, 	 617216.82197544688824564219, 	 622027.59522852231748402119, 	 622107.36828894517384469509
6.69460000000000032827, 	 616806.08059295744169503450, 	 621800.40364759543444961309, 	 621868.85246438079047948122
6.69570000000000042917, 	 616395.15028655936475843191, 	 621568.41998124704696238041, 	 621629.61379528953693807125
6.69680000000000053006, 	 615984.18444126774556934834, 	 621331.36841497116256505251, 	 621389.63924750068690627813
6.69790000000000063096, 	 615573.34061976138036698103, 	 621088.99431303178425878286, 	 621148.89003864268306642771
6.69900000000000073186, 	 615162.76828557252883911133, 	 620841.06515727611258625984, 	 620907.30147209996357560158
6.70009999999999994458, 	 614752.62670709891244769096, 	 620587.37198380695190280676, 	 620664.78282124164979904890
6.70120000000000004547, 	 614343.07640563754830509424, 	 620327.73013151716440916061, 	 620421.21725069242529571056
6.70230000000000014637, 	 613934.27573488827329128981, 	 620061.97981206153053790331, 	 620176.46171959873754531145
6.70340000000000024727, 	 613526.38207843888085335493, 	 619789.98651744180824607611, 	 619930.35020188859198242426
6.70450000000000034817, 	 613119.55264893150888383389, 	 619511.64126785786356776953, 	 619682.69184633379336446524
6.70560000000000044906, 	 612713.94537037308327853680, 	 619226.86070147564169019461, 	 619433.27008450124412775040
6.70670000000000054996, 	 612309.71243842830881476402, 	 618935.58700080681592226028, 	 619181.84220994962379336357
6.70780000000000065086, 	 611907.00162864883895963430, 	 618637.78765393642242997885, 	 618928.15133018640335649252
6.70890000000000075175, 	 611505.96384805825073271990, 	 618333.45505300106015056372, 	 618671.93033917585853487253
6.70999999999999996447, 	 611106.74757990206126123667, 	 618022.60593530756887048483, 	 618412.89430579752661287785
6.71110000000000006537, 	 610709.47686492884531617165, 	 617705.28067323879804462194, 	 618150.74189873982686549425
6.71220000000000016627, 	 610314.27487675845623016357, 	 617381.54241915408056229353, 	 617885.15849561279173940420
6.71330000000000026716, 	 609921.27155416202731430531, 	 617051.47611440694890916348, 	 617615.81910262012388557196
6.71440000000000036806, 	 609530.59122870024293661118, 	 616715.18737362278625369072, 	 617342.39106433617416769266
6.71550000000000046896, 	 609142.34533910243771970272, 	 616372.80125684745144098997, 	 617064.53664802806451916695
6.71660000000000056986, 	 608756.63272087520454078913, 	 616024.46094305941369384527, 	 616781.91557869233656674623
6.71770000000000067075, 	 608373.54321617423556745052, 	 615670.32631853222846984863, 	 616494.18756563845090568066
6.71879999999999988347, 	 607993.16045468044467270374, 	 615310.57249333453364670277, 	 616201.01483029115479439497
6.71989999999999998437, 	 607615.56109448138158768415, 	 614945.38825921027455478907, 	 615902.06462576321791857481
6.72100000000000008527, 	 607240.82556855096481740475, 	 614574.97450204275082796812, 	 615597.01169118040706962347
6.72210000000000018616, 	 606869.02812963200267404318, 	 614199.54258213785942643881, 	 615285.54373647365719079971
6.72320000000000028706, 	 606500.23141095368191599846, 	 613819.31269556086044758558, 	 614967.36766529246233403683
6.72430000000000038796, 	 606134.48639458871912211180, 	 613434.51222704246174544096, 	 614642.17246026091743260622
6.72540000000000048885, 	 605771.83501282637007534504, 	 613045.37409790081437677145, 	 614309.68398599454667419195
6.72650000000000058975, 	 605412.31229471904225647449, 	 612652.13511505199130624533, 	 613969.65856705897022038698
6.72760000000000069065, 	 605055.94622908066958189011, 	 612255.03434922592714428902, 	 613621.87081991706509143114
6.72869999999999990337, 	 604702.75752913521137088537, 	 611854.31158358301036059856, 	 613266.11327162198722362518
6.72980000000000000426, 	 604352.75972539361100643873, 	 611450.20585759414825588465, 	 612902.20003967266529798508
6.73090000000000010516, 	 604005.95882415189407765865, 	 611042.95410430431365966797, 	 612529.97020774928387254477
6.73200000000000020606, 	 603662.35532778094056993723, 	 610632.78986517130397260189, 	 612149.29001617676112800837
6.73310000000000030695, 	 603321.94324746867641806602, 	 610219.94206906238105148077, 	 611760.05415124841965734959
6.73420000000000040785, 	 602984.70972153858747333288, 	 609804.63387000293005257845, 	 611362.18652913998812437057
6.73530000000000050875, 	 602650.63754641648847609758, 	 609387.08154584467411041260, 	 610955.64081681193783879280
6.73640000000000060965, 	 602319.69865068502258509398, 	 608967.49346106883604079485, 	 610540.40078979835379868746
6.73750000000000071054, 	 601991.86331402475479990244, 	 608546.06907498475629836321, 	 610116.48054774443153291941
6.73859999999999992326, 	 601667.09610620164312422276, 	 608122.99792974640149623156, 	 609683.92457840370479971170
6.73970000000000002416, 	 601345.35798012814484536648, 	 607698.45832468697335571051, 	 609242.80765636870637536049
6.74080000000000012506, 	 601026.60601484181825071573, 	 607272.59880137548316270113, 	 608793.23456808330956846476
6.74190000000000022595, 	 600710.79189521947409957647, 	 606845.66507626848760992289, 	 608335.33850461686961352825
6.74300000000000032685, 	 600397.86249760340433567762, 	 606417.73327446577604860067, 	 607869.28152067330665886402
6.74410000000000042775, 	 600087.76137864810880273581, 	 605988.95132065541110932827, 	 607395.25759723456576466560
6.74520000000000052864, 	 599780.42834895150735974312, 	 605559.44302603404503315687, 	 606913.48519536131061613560
6.74630000000000062954, 	 599475.80454928590916097164, 	 605129.32027416932396590710, 	 606424.20943693816661834717
6.74740000000000073044, 	 599173.82461404683999717236, 	 604698.68367975868750363588, 	 605927.69983480207156389952
6.74849999999999994316, 	 598874.42864516330882906914, 	 604267.62286685605067759752, 	 605424.24662939831614494324
6.74960000000000004405, 	 598577.55364143254701048136, 	 603836.21683589054737240076, 	 604914.15698178170714527369
6.75070000000000014495, 	 598283.13165589293930679560, 	 603404.53441345656756311655, 	 604397.76776977011468261480
6.75180000000000024585, 	 597991.09148292290046811104, 	 602972.63477343390695750713, 	 603875.43763056444004178047
6.75290000000000034674, 	 597701.36338157101999968290, 	 602540.56801826716400682926, 	 603347.54140448372345417738
6.75400000000000044764, 	 597413.87800959637388586998, 	 602108.37581833638250827789, 	 602814.46851161168888211250
6.75510000000000054854, 	 597128.56620054924860596657, 	 601676.09210607933346182108, 	 602276.62155419692862778902
6.75620000000000064944, 	 596845.35919909342192113400, 	 601243.74382615718059241772, 	 601734.41342592146247625351
6.75730000000000075033, 	 596564.18879239994566887617, 	 600811.35175003053154796362, 	 601188.28333337185904383659
6.75839999999999996305, 	 596284.98748958215583115816, 	 600378.93127291894052177668, 	 600638.66012496594339609146
6.75950000000000006395, 	 596007.68872857664246112108, 	 599946.49334217759314924479, 	 600085.95363506628200411797
6.76060000000000016485, 	 595732.22702300001401454210, 	 599514.04532029200345277786, 	 599530.60934452910441905260
6.76170000000000026574, 	 595458.53807317477185279131, 	 599081.59188143082428723574, 	 598973.08540235133841633797
6.76280000000000036664, 	 595186.55887456133496016264, 	 598649.13593234680593013763, 	 598413.83559412474278360605
6.76390000000000046754, 	 594916.22780697292182594538, 	 598216.67954596341587603092, 	 597853.30650829710066318512
6.76500000000000056843, 	 594647.48460522282402962446, 	 597784.22482613951433449984, 	 597291.93892242468427866697
6.76610000000000066933, 	 594380.26974071329459547997, 	 597351.77481286472175270319, 	 596730.16865584242623299360
6.76719999999999988205, 	 594114.52701664110645651817, 	 596919.33432990533765405416, 	 596168.42611847934313118458
6.76829999999999998295, 	 593850.20208149892278015614, 	 596486.91078768065199255943, 	 595607.13503874943125993013
6.76940000000000008384, 	 593587.23934106098022311926, 	 596054.51496114255860447884, 	 595046.71091164613608270884
6.77050000000000018474, 	 593325.58861200499814003706, 	 595622.16175711026880890131, 	 594487.55948190076742321253
6.77160000000000028564, 	 593065.20351361832581460476, 	 595189.87087338056880980730, 	 593930.07534697244409471750
6.77270000000000038654, 	 592806.05166994535829871893, 	 594757.66744406113866716623, 	 593374.63997012749314308167
6.77380000000000048743, 	 592548.08084296260494738817, 	 594325.58262206194922327995, 	 592821.62332040991168469191
6.77490000000000058833, 	 592291.23346452112309634686, 	 593893.65409740060567855835, 	 592271.37433032842818647623
6.77600000000000068923, 	 592035.45742543169762939215, 	 593461.92654972278978675604, 	 591724.25144134333822876215
6.77709999999999990195, 	 591780.70751725998707115650, 	 593030.45203841652255505323, 	 591180.58399647695478051901
6.77820000000000000284, 	 591526.94225260592065751553, 	 592599.29032671777531504631, 	 590640.65438179392367601395
6.77930000000000010374, 	 591274.12492212641518563032, 	 592168.50913662312086671591, 	 590104.74040433170739561319
6.78040000000000020464, 	 591022.21880241832695901394, 	 591738.18433382594957947731, 	 589573.13436841825023293495
6.78150000000000030553, 	 590771.18728827871382236481, 	 591308.40004310663789510727, 	 589046.09699933044612407684
6.78260000000000040643, 	 590520.99418213602621108294, 	 590879.32467420655302703381, 	 588523.86887363158166408539
6.78370000000000050733, 	 590271.60385113593656569719, 	 590450.84233259898610413074, 	 588006.66469162085559219122
6.78480000000000060822, 	 590022.95227708888705819845, 	 590023.27244227344635874033, 	 587494.70029364305082708597
6.78590000000000070912, 	 589775.09723238321021199226, 	 589596.66350957192480564117, 	 586988.17223314987495541573
6.78699999999999992184, 	 589528.33092700713314116001, 	 589171.13845896138809621334, 	 586487.24903193197678774595
6.78810000000000002274, 	 589282.27594236691948026419, 	 588746.82840044389013200998, 	 585992.08508403773885220289
6.78920000000000012363, 	 589036.48605628579389303923, 	 588323.87213963817339390516, 	 585502.82222887198440730572
6.79030000000000022453, 	 588791.12284000101499259472, 	 587902.39198352629318833351, 	 585019.58489688020199537277
6.79140000000000032543, 	 588546.29612264758907258511, 	 587482.58672105474397540092, 	 584542.48073188320267945528
6.79250000000000042633, 	 588302.01852560217957943678, 	 587064.59567387029528617859, 	 584071.60284454387146979570
6.79360000000000052722, 	 588058.26130845677107572556, 	 586648.58048361598048359156, 	 583607.03274287283420562744
6.79470000000000062812, 	 587814.98628738301340490580, 	 586234.70945191744249314070, 	 583148.84192184498533606529
6.79580000000000072902, 	 587572.15259745181538164616, 	 585823.15470756078138947487, 	 582697.08869617944583296776
6.79689999999999994174, 	 587329.72238820919301360846, 	 585414.09173424425534904003, 	 582251.82011674786917865276
6.79800000000000004263, 	 587087.71708202618174254894, 	 585007.69868981838226318359, 	 581813.07289651443716138601
6.79910000000000014353, 	 586845.67566339857876300812, 	 584604.15566052286885678768, 	 581380.87528537877369672060
6.80020000000000024443, 	 586603.79402442497666925192, 	 584203.64388106833212077618, 	 580955.24720105447340756655
6.80130000000000034532, 	 586362.24744498624932020903, 	 583806.34493097721133381128, 	 580536.20053308561909943819
6.80240000000000044622, 	 586121.00283926702104508877, 	 583412.43992339319083839655, 	 580123.74021087505389004946
6.80350000000000054712, 	 585879.99898178805597126484, 	 583022.10869940218981355429, 	 579717.86533585959114134312
6.80460000000000064801, 	 585639.18324045138433575630, 	 582635.52903495100326836109, 	 579318.57015940442215651274
6.80570000000000074891, 	 585398.51332590193487703800, 	 582252.87586279772222042084, 	 578925.84493840707000344992
6.80679999999999996163, 	 585157.95277748140506446362, 	 581874.32051067193970084190, 	 578539.67672478861641138792
6.80790000000000006253, 	 584916.97487901756539940834, 	 581500.02995660563465207815, 	 578160.05011640395969152451
6.80900000000000016342, 	 584676.00550650293007493019, 	 581130.16610726236831396818, 	 577786.94797462190035730600
6.81010000000000026432, 	 584435.25650373881217092276, 	 580764.88511112483683973551, 	 577420.35200638894457370043
6.81120000000000036522, 	 584194.57084171450696885586, 	 580404.33671719371341168880, 	 577060.24347681237850338221
6.81230000000000046612, 	 583953.86414289416279643774, 	 580048.66368371190037578344, 	 576706.60426565154921263456
6.81340000000000056701, 	 583713.08595498267095535994, 	 579698.00123593013267964125, 	 576359.41658773925155401230
6.81450000000000066791, 	 583472.19954771758057177067, 	 579352.47656630084384232759, 	 576018.66377875965554267168
6.81560000000000076881, 	 583231.17344706715084612370, 	 579012.20836885774042457342, 	 575684.33074958052020519972
6.81669999999999998153, 	 582989.97667793906293809414, 	 578677.30640658957418054342, 	 575356.40428884245920926332
6.81780000000000008242, 	 582748.58286050858441740274, 	 578347.87111977604217827320, 	 575034.87332022632472217083
6.81890000000000018332, 	 582506.96424368117004632950, 	 578023.99328650918323546648, 	 574719.72910725034307688475
6.82000000000000028422, 	 582265.09265211771707981825, 	 577705.75374361302237957716, 	 574410.96578486950602382421
6.82110000000000038511, 	 582022.94136887020431458950, 	 577393.22317070455756038427, 	 574108.57970241853035986423
6.82220000000000048601, 	 581780.48285291250795125961, 	 577086.46193534531630575657, 	 573812.56889169244095683098
6.82330000000000058691, 	 581537.69135118869598954916, 	 576785.51999419578351080418, 	 573522.93422448541969060898
6.82440000000000068781, 	 581294.54249852162320166826, 	 576490.43684365833178162575, 	 573239.67948548635467886925
6.82549999999999990052, 	 581051.02269396872725337744, 	 576201.24151486100163310766, 	 572962.81065321562346071005
6.82660000000000000142, 	 580807.12573724857065826654, 	 575917.95261061389464884996, 	 572692.33539796085096895695
6.82770000000000010232, 	 580562.82245286763645708561, 	 575640.57838254235684871674, 	 572428.26280345534905791283
6.82880000000000020322, 	 580318.07849951728712767363, 	 575369.11684606992639601231, 	 572170.60311579506378620863
6.82990000000000030411, 	 580072.86533400707412511110, 	 575103.55593105813022702932, 	 571919.36742567992769181728
6.83100000000000040501, 	 579827.16157007787842303514, 	 574843.87366659624967724085, 	 571674.56727412366308271885
6.83210000000000050591, 	 579580.95067186665255576372, 	 574590.03839923162013292313, 	 571436.21420092380139976740
6.83320000000000060680, 	 579334.21885476226452738047, 	 574342.00904456817079335451, 	 571204.31924058939330279827
6.83430000000000070770, 	 579086.95319428085349500179, 	 574099.73537231190130114555, 	 570978.89230727928224951029
6.83539999999999992042, 	 578839.14099702949170023203, 	 573863.15832415362820029259, 	 570759.94208044244442135096
6.83650000000000002132, 	 578590.76792126940563321114, 	 573632.21036275813821703196, 	 570547.47508746408857405186
6.83760000000000012221, 	 578341.81941942614503204823, 	 573406.81584962655324488878, 	 570341.49518255668226629496
6.83870000000000022311, 	 578092.29294456914067268372, 	 573186.89144621207378804684, 	 570142.00306721369270235300
6.83980000000000032401, 	 577842.17444692575372755527, 	 572972.33917089016176760197, 	 569948.99576444644480943680
6.83990000000000009095, 	 577819.40736774413380771875, 	 572953.10519427224062383175, 	 569931.77099425438791513443
